4 0.52421875 0.40625 0.078125 0.328125
4 0.609375 0.4140625 0.1046875 0.16640625
4 0.25625 0.415625 0.0859375 0.1640625
4 0.81171875 0.41640625 0.084375 0.125
4 0.071875 0.44296875 0.0921875 0.16640625
4 0.05390625 0.6421875 0.046875 0.1171875
4 0.89609375 0.71640625 0.0859375 0.234375
4 0.175 0.75 0.0984375 0.20859375
4 0.70234375 0.76171875 0.13125 0.1640625
4 0.5828125 0.17578125 0.0671875 0.11171875
4 0.30859375 0.20546875 0.059375 0.08828125
4 0.7421875 0.21640625 0.0515625 0.09375
4 0.19765625 0.2421875 0.05 0.07265625
0 0.43125 0.76953125 0.1640625 0.24765625
0 0.6265625 0.740625 0.090625 0.24453125
0 0.59296875 0.50234375 0.1125 0.1875
0 0.27890625 0.5296875 0.1234375 0.18515625
0 0.05546875 0.55859375 0.078125 0.07578125
0 0.3625 0.13125 0.0546875 0.0859375
0 0.54453125 0.1234375 0.059375 0.109375
0 0.71953125 0.14453125 0.053125 0.09609375
0 0.9625 0.64296875 0.0546875 0.09375
1 0.6359375 0.91640625 0.0953125 0.0234375
1 0.6734375 0.3734375 0.0578125 0.07578125
1 0.5640625 0.33203125 0.0546875 0.03125
2 0.14609375 0.775 0.0734375 0.08359375
2 0.75546875 0.86171875 0.128125 0.13046875
5 0.16953125 0.83984375 0.0296875 0.0390625
3 0.228125 0.328125 0.0796875 0.1171875
3 0.559375 0.26171875 0.0609375 0.05234375
3 0.68359375 0.31796875 0.0921875 0.11484375
3 0.76171875 0.30078125 0.025 0.0546875
3 0.896875 0.83203125 0.0609375 0.08359375
3 0.10546875 0.82578125 0.0328125 0.10703125