4 0.628125 0.359375 0.0984375 0.25
4 0.21171875 0.37734375 0.1 0.16640625
4 0.85390625 0.38828125 0.1015625 0.15078125
4 0.946875 0.67578125 0.08125 0.17421875
4 0.72890625 0.76796875 0.1484375 0.22890625
4 0.7765625 0.14609375 0.0609375 0.09921875
4 0.86875 0.1734375 0.0625 0.15390625
0 0.35 0.84609375 0.159375 0.17734375
0 0.171875 0.7515625 0.1125 0.19296875
0 0.221875 0.47421875 0.1125 0.22421875
0 0.0234375 0.4515625 0.0453125 0.16171875
0 0.14765625 0.1703125 0.046875 0.07578125
0 0.34921875 0.09609375 0.028125 0.07265625
0 0.190625 0.06640625 0.0421875 0.03359375
0 0.4515625 0.06640625 0.0296875 0.09140625
0 0.675 0.77109375 0.175 0.26796875
3 0.5578125 0.22265625 0.071875 0.09375
3 0.69375 0.25 0.0828125 0.11953125
3 0.796875 0.25390625 0.034375 0.09609375
3 0.04453125 0.8109375 0.071875 0.125
3 0.9484375 0.87109375 0.0609375 0.09921875
1 0.64140625 0.9546875 0.1109375 0.0390625
2 0.790625 0.88828125 0.11875 0.16953125
1 0.678125 0.334375 0.0546875 0.06796875
1 0.5703125 0.30078125 0.0484375 0.0390625
3 0.17109375 0.275 0.090625 0.14296875
5 0.71953125 0.42734375 0.0203125 0.02890625
0 0.525 0.11875 0.0859375 0.14296875