4 0.61875 0.375 0.1546875 0.171875
4 0.853125 0.3828125 0.096875 0.15078125
4 0.290625 0.43359375 0.1390625 0.42421875
4 0.26328125 0.53671875 0.190625 0.46328125
4 0.72578125 0.79296875 0.121875 0.2265625
4 0.7390625 0.09375 0.053125 0.08359375
4 0.76953125 0.14453125 0.065625 0.09609375
0 0.42578125 0.53515625 0.175 0.37265625
0 0.19765625 0.69296875 0.2 0.30234375
0 0.9390625 0.6796875 0.121875 0.22890625
0 0.6703125 0.7828125 0.1296875 0.27109375
0 0.60078125 0.50625 0.1484375 0.23203125
0 0.87890625 0.44765625 0.084375 0.125
0 0.55703125 0.1078125 0.0875 0.109375
0 0.1765625 0.1578125 0.0640625 0.08359375
0 0.19765625 0.07265625 0.0609375 0.0625
0 0.01640625 0.43515625 0.0328125 0.23203125
1 0.640625 0.9515625 0.125 0.04453125
1 0.66875 0.334375 0.08125 0.1015625
1 0.59140625 0.296875 0.0828125 0.04140625
2 0.31484375 0.51953125 0.1296875 0.1796875
2 0.80078125 0.87734375 0.1359375 0.1875
5 0.7171875 0.41640625 0.0265625 0.0390625
3 0.03671875 0.8265625 0.0734375 0.22890625
3 0.55859375 0.23046875 0.0984375 0.12265625
3 0.69453125 0.25546875 0.096875 0.15859375
3 0.9421875 0.8578125 0.0890625 0.16640625