4 0.6 0.38515625 0.0765625 0.13515625
4 0.803125 0.41796875 0.065625 0.17421875
4 0.11328125 0.43125 0.04375 0.11171875
4 0.31015625 0.49453125 0.159375 0.375
4 0.04609375 0.671875 0.0375 0.09921875
4 0.896875 0.71640625 0.075 0.22890625
4 0.2359375 0.72421875 0.1109375 0.17734375
4 0.7125 0.76328125 0.1453125 0.16171875
4 0.58125 0.16953125 0.0640625 0.10390625
4 0.31171875 0.203125 0.05625 0.09375
4 0.74375 0.209375 0.0609375 0.09140625
4 0.196875 0.23671875 0.0390625 0.07265625
0 0.43125 0.76953125 0.1640625 0.24765625
0 0.63203125 0.74375 0.084375 0.25546875
0 0.59296875 0.49375 0.11875 0.18984375
0 0.275 0.76953125 0.0921875 0.15859375
0 0.259375 0.48984375 0.0546875 0.15078125
0 0.04296875 0.58359375 0.05625 0.09609375
0 0.0890625 0.4984375 0.025 0.04453125
0 0.36328125 0.12734375 0.0484375 0.08046875
0 0.2453125 0.14453125 0.040625 0.03671875
0 0.5484375 0.11953125 0.0640625 0.09609375
0 0.71640625 0.13515625 0.0453125 0.078125
0 0.84921875 0.46875 0.053125 0.08828125
0 0.96015625 0.64296875 0.046875 0.09609375
0 0.90078125 0.6 0.0484375 0.04921875
2 0.76875 0.84765625 0.1125 0.15078125
2 0.153125 0.76796875 0.0703125 0.09140625
3 0.5546875 0.26953125 0.0671875 0.08046875
3 0.67578125 0.303125 0.0796875 0.10390625
3 0.76171875 0.30625 0.040625 0.09140625
3 0.10703125 0.821875 0.0609375 0.1171875
3 0.228125 0.32265625 0.0734375 0.11953125
1 0.63359375 0.91640625 0.103125 0.02578125
1 0.6734375 0.3765625 0.065625 0.078125
1 0.5578125 0.3359375 0.06875 0.03359375
5 0.21640625 0.44140625 0.0203125 0.03359375
5 0.171875 0.6796875 0.0203125 0.03359375