4 0.6484375 0.384375 0.134375 0.11875
4 0.9078125 0.36640625 0.078125 0.284375
4 0.275 0.39140625 0.071875 0.121875
4 0.12265625 0.4484375 0.046875 0.090625
4 0.9578125 0.69375 0.084375 0.14375
4 0.20078125 0.759375 0.109375 0.23125
4 0.69609375 0.76953125 0.10625 0.2609375
4 0.325 0.16640625 0.0546875 0.10625
4 0.79453125 0.190625 0.05625 0.0859375
4 0.203125 0.2140625 0.034375 0.0609375
0 0.390625 0.7609375 0.19375 0.265625
0 0.4484375 0.18359375 0.071875 0.1640625
0 0.2890625 0.475 0.090625 0.215625
0 0.5828125 0.07890625 0.053125 0.103125
0 0.7671875 0.13359375 0.053125 0.075
0 0.06953125 0.49453125 0.06875 0.1140625
0 0.24921875 0.14296875 0.0375 0.071875
4 0.74453125 0.08203125 0.034375 0.090625
0 0.8609375 0.41796875 0.040625 0.103125
0 0.63984375 0.48359375 0.14375 0.1890625
3 0.24453125 0.303125 0.0875 0.13125
3 0.7203125 0.27890625 0.075 0.11875
3 0.5953125 0.25859375 0.0625 0.078125
3 0.10859375 0.81953125 0.0984375 0.209375
3 0.2703125 0.1765625 0.0484375 0.103125
5 0.17109375 0.78203125 0.034375 0.040625
5 0.78671875 0.72890625 0.0296875 0.0390625
3 0.853125 0.27890625 0.06875 0.071875
1 0.61484375 0.328125 0.059375 0.040625
1 0.91640625 0.69609375 0.034375 0.13125
1 0.6890625 0.3484375 0.0703125 0.06875
1 0.29453125 0.21796875 0.0453125 0.025
2 0.8078125 0.84140625 0.10625 0.15625
4 0.62421875 0.15 0.075 0.11875
0 0.6640625 0.74453125 0.0984375 0.2859375
0 0.25234375 0.734375 0.0875 0.24375
0 0.9609375 0.6265625 0.078125 0.13125
0 0.22421875 0.2 0.03125 0.0609375
0 0.803125 0.1984375 0.0625 0.065625
1 0.67578125 0.93203125 0.115625 0.025
1 0.39921875 0.92890625 0.08125 0.034375
3 0.95390625 0.84453125 0.08125 0.1359375
5 0.571875 0.33203125 0.0203125 0.0359375
5 0.2921875 0.334375 0.015625 0.025