4 0.621875 0.39765625 0.1734375 0.096875
4 0.59453125 0.18125 0.1375 0.08125
4 0.5921875 0.75390625 0.1578125 0.09375
4 0.565625 0.8953125 0.1375 0.053125
4 0.3625 0.95078125 0.13125 0.0390625
4 0.28984375 0.825 0.16875 0.090625
4 0.21640625 0.31328125 0.225 0.1171875
4 0.853125 0.4328125 0.11875 0.059375
4 0.8171875 0.690625 0.0875 0.0640625
4 0.79296875 0.25234375 0.103125 0.059375
4 0.77421875 0.8125 0.0875 0.0546875
0 0.22890625 0.575 0.265625 0.1703125
0 0.25703125 0.37109375 0.275 0.1078125
0 0.5109375 0.3953125 0.2109375 0.1078125
0 0.34375 0.0921875 0.16875 0.090625
0 0.3625 0.028125 0.0875 0.04375
0 0.53203125 0.1609375 0.05625 0.0546875
0 0.88125 0.27265625 0.06875 0.040625
0 0.90625 0.45390625 0.078125 0.0515625
0 0.89453125 0.64375 0.078125 0.0421875
0 0.87265625 0.76484375 0.0296875 0.0359375
0 0.47890625 0.72265625 0.190625 0.125
0 0.48515625 0.934375 0.05625 0.034375
0 0.2875 0.7703125 0.221875 0.1078125
1 0.08046875 0.36328125 0.034375 0.1109375
1 0.63125 0.32265625 0.0875 0.0640625
1 0.678125 0.44453125 0.03125 0.06875
2 0.22890625 0.8609375 0.0875 0.075
2 0.15390625 0.23125 0.1625 0.1015625
5 0.24765625 0.246875 0.0375 0.0375
3 0.74609375 0.4453125 0.0828125 0.071875
3 0.70625 0.31015625 0.1203125 0.096875
3 0.703125 0.2375 0.090625 0.0375
3 0.6859375 0.78125 0.11875 0.0859375
3 0.1734375 0.90390625 0.140625 0.078125