4 0.6125 0.41015625 0.084375 0.15
4 0.83828125 0.44609375 0.071875 0.19375
4 0.071875 0.4609375 0.0484375 0.125
4 0.290625 0.53203125 0.178125 0.41875
4 0.00859375 0.7296875 0.0171875 0.109375
4 0.94296875 0.77890625 0.084375 0.25625
4 0.20859375 0.7875 0.1234375 0.196875
4 0.7375 0.83125 0.1625 0.18125
4 0.5921875 0.16875 0.071875 0.115625
4 0.2921875 0.20625 0.0625 0.1046875
4 0.77265625 0.21328125 0.06875 0.1015625
4 0.16484375 0.24453125 0.04375 0.08125
0 0.425 0.83828125 0.18125 0.275
0 0.6484375 0.809375 0.09375 0.284375
0 0.6046875 0.53046875 0.13125 0.2125
0 0.2515625 0.83828125 0.103125 0.178125
0 0.234375 0.52578125 0.0609375 0.16875
0 0.0125 0.6296875 0.025 0.1078125
0 0.0453125 0.53671875 0.028125 0.05
0 0.35 0.121875 0.053125 0.090625
0 0.21875 0.140625 0.0453125 0.040625
0 0.55546875 0.11328125 0.071875 0.1078125
0 0.7421875 0.13046875 0.05 0.0875
0 0.88984375 0.503125 0.059375 0.1
0 0.99296875 0.69609375 0.0140625 0.1078125
0 0.946875 0.65 0.053125 0.05625
2 0.8 0.91953125 0.125 0.1609375
2 0.11640625 0.8375 0.078125 0.1015625
3 0.5625 0.28046875 0.075 0.090625
3 0.696875 0.31796875 0.0875 0.115625
3 0.7921875 0.32109375 0.0453125 0.1015625
3 0.06484375 0.896875 0.06875 0.13125
3 0.2 0.33984375 0.08125 0.134375
1 0.6484375 0.99375 0.115625 0.0125
1 0.69453125 0.4 0.071875 0.0875
1 0.565625 0.3546875 0.0765625 0.0375
5 0.18671875 0.47265625 0.021875 0.0375
5 0.1375 0.73828125 0.021875 0.0375