4 0.38671875 0.3984375 0.184375 0.096875
4 0.40546875 0.74921875 0.15625 0.0875
4 0.4171875 0.18359375 0.14375 0.09375
4 0.4265625 0.89375 0.1359375 0.0546875
4 0.625 0.946875 0.1328125 0.0390625
4 0.75546875 0.83984375 0.196875 0.0859375
4 0.15546875 0.42890625 0.125 0.046875
4 0.1890625 0.69140625 0.1 0.053125
4 0.203125 0.253125 0.0984375 0.0578125
4 0.23125 0.81171875 0.075 0.040625
4 0.24296875 0.8890625 0.0875 0.04375
0 0.76875 0.5734375 0.24375 0.1625
0 0.76171875 0.390625 0.23125 0.1359375
0 0.73671875 0.7640625 0.18125 0.096875
0 0.52109375 0.72109375 0.184375 0.11875
0 0.515625 0.92890625 0.05 0.040625
0 0.48125 0.40234375 0.196875 0.134375
0 0.6421875 0.09375 0.153125 0.090625
0 0.640625 0.0296875 0.0984375 0.04375
0 0.1265625 0.27109375 0.065625 0.046875
0 0.11171875 0.63515625 0.075 0.053125
0 0.13046875 0.76015625 0.028125 0.0375
2 0.846875 0.2265625 0.165625 0.109375
2 0.77109375 0.8625 0.078125 0.0609375
3 0.8296875 0.90390625 0.13125 0.059375
3 0.26171875 0.44375 0.065625 0.071875
3 0.28828125 0.321875 0.109375 0.075
3 0.83515625 0.096875 0.071875 0.0578125
3 0.29140625 0.23359375 0.071875 0.0375
3 0.31640625 0.77421875 0.1171875 0.0828125
5 0.7515625 0.24765625 0.034375 0.034375
1 0.91875 0.36796875 0.028125 0.103125
1 0.36796875 0.3234375 0.071875 0.059375
1 0.33125 0.44453125 0.025 0.0609375