4 0.38515625 0.40859375 0.175 0.096875
4 0.4125 0.1890625 0.1375 0.0828125
4 0.41484375 0.76796875 0.159375 0.096875
4 0.4421875 0.9109375 0.1375 0.0546875
4 0.64765625 0.96640625 0.1328125 0.0390625
4 0.7203125 0.8390625 0.1703125 0.0921875
4 0.79453125 0.3234375 0.228125 0.11875
4 0.1515625 0.44296875 0.11875 0.059375
4 0.1875 0.70390625 0.0890625 0.065625
4 0.2125 0.26171875 0.10625 0.059375
4 0.23125 0.82734375 0.0890625 0.05625
0 0.7828125 0.58671875 0.2671875 0.171875
0 0.75390625 0.38125 0.278125 0.109375
0 0.49765625 0.40546875 0.2125 0.109375
0 0.66640625 0.1 0.1703125 0.0921875
0 0.64765625 0.03515625 0.0890625 0.04375
0 0.47578125 0.16875 0.05625 0.05625
0 0.12265625 0.28203125 0.0703125 0.040625
0 0.09765625 0.46484375 0.078125 0.0515625
0 0.109375 0.65703125 0.078125 0.0421875
0 0.13125 0.778125 0.0296875 0.0359375
0 0.5296875 0.7359375 0.1921875 0.1265625
0 0.52265625 0.95 0.05625 0.0359375
0 0.72265625 0.784375 0.225 0.109375
1 0.9328125 0.3734375 0.034375 0.1125
1 0.37578125 0.33203125 0.0890625 0.065625
1 0.328125 0.45546875 0.0328125 0.06875
2 0.7828125 0.87578125 0.0890625 0.0765625
2 0.8578125 0.240625 0.165625 0.103125
5 0.76328125 0.25546875 0.0375 0.0375
3 0.259375 0.45625 0.084375 0.0734375
3 0.3 0.31953125 0.121875 0.096875
3 0.30234375 0.24609375 0.0921875 0.0375
3 0.3203125 0.7953125 0.11875 0.0859375
3 0.8375 0.91875 0.14375 0.078125