4 0.61796875 0.37890625 0.153125 0.134375
4 0.60859375 0.0984375 0.29375 0.090625
4 0.6046875 0.74921875 0.1375 0.075
4 0.559375 0.89921875 0.10625 0.0515625
4 0.3078125 0.0640625 0.1875 0.0828125
4 0.25546875 0.81796875 0.23125 0.109375
4 0.24296875 0.325 0.24375 0.1171875
4 0.8625 0.40546875 0.109375 0.0828125
4 0.83671875 0.69765625 0.11875 0.0640625
4 0.8203125 0.23671875 0.090625 0.075
4 0.796875 0.81796875 0.065625 0.0359375
0 0.2625 0.63515625 0.253125 0.1875
0 0.26953125 0.36484375 0.265625 0.096875
0 0.3765625 0.04375 0.1484375 0.0875
0 0.59765625 0.17109375 0.0796875 0.046875
0 0.53046875 0.734375 0.2140625 0.096875
0 0.5125 0.94921875 0.096875 0.078125
0 0.82578125 0.575 0.175 0.09375
0 0.921875 0.44453125 0.10625 0.05625
0 0.871875 0.2578125 0.084375 0.0578125
0 0.509375 0.39921875 0.15 0.1140625
2 0.16640625 0.22734375 0.153125 0.10625
5 0.23515625 0.85078125 0.05 0.0296875
1 0.6609375 0.3375 0.075 0.0625
1 0.6828125 0.4109375 0.03125 0.065625
1 0.08359375 0.353125 0.021875 0.10625
1 0.08515625 0.6265625 0.03125 0.0796875
5 0.28671875 0.2421875 0.0375 0.0296875
5 0.6828125 0.45625 0.025 0.0125
3 0.7171875 0.2171875 0.090625 0.0375
3 0.16796875 0.078125 0.0875 0.071875
3 0.7015625 0.77890625 0.1234375 0.0921875
3 0.75 0.43203125 0.06875 0.071875
3 0.73046875 0.30859375 0.1125 0.08125
3 0.18671875 0.896875 0.1265625 0.046875