4 0.36015625 0.575 0.19375 0.096875
4 0.38125 0.1984375 0.178125 0.096875
4 0.39453125 0.81328125 0.140625 0.090625
4 0.43359375 0.02578125 0.109375 0.0515625
4 0.75703125 0.0984375 0.2078125 0.103125
4 0.06328125 0.41328125 0.1265625 0.0421875
4 0.10234375 0.5453125 0.125 0.046875
4 0.14609375 0.25859375 0.1 0.0625
4 0.16328125 0.7359375 0.1 0.065625
4 0.1953125 0.1296875 0.084375 0.0609375
0 0.77890625 0.38828125 0.278125 0.18125
0 0.76875 0.5890625 0.2484375 0.153125
0 0.64921875 0.90546875 0.16875 0.0984375
0 0.6359375 0.97734375 0.103125 0.0453125
0 0.44765625 0.82890625 0.040625 0.05625
0 0.46640625 0.58125 0.221875 0.1265625
0 0.0765625 0.71328125 0.071875 0.05625
0 0.0546875 0.5203125 0.109375 0.0625
0 0.06640625 0.32265625 0.0953125 0.0625
0 0.08359375 0.1859375 0.0375 0.05
0 0.51328125 0.01796875 0.0515625 0.0359375
0 0.74140625 0.184375 0.19375 0.109375
2 0.8640625 0.759375 0.178125 0.115625
2 0.78203125 0.07890625 0.0953125 0.071875
5 0.76015625 0.7390625 0.040625 0.040625
3 0.22265625 0.52890625 0.084375 0.078125
3 0.2640625 0.659375 0.1328125 0.0984375
3 0.2859375 0.16875 0.1328125 0.09375
3 0.83828125 0.03671875 0.1328125 0.071875
3 0.25703125 0.75859375 0.0984375 0.0484375
1 0.93515625 0.615625 0.0375 0.1203125
1 0.34140625 0.6578125 0.090625 0.071875
1 0.29609375 0.52890625 0.04375 0.078125
3 0.5953125 0.0125 0.16875 0.025