4 0.09921875 0.3375 0.053125 0.2125
4 0.72421875 0.41796875 0.06875 0.1375
4 0.378125 0.4234375 0.090625 0.16875
4 0.1671875 0.42578125 0.078125 0.153125
4 0.90234375 0.4796875 0.0578125 0.09375
4 0.76640625 0.49609375 0.0921875 0.25625
4 0.93984375 0.68125 0.0484375 0.1421875
4 0.0734375 0.7046875 0.084375 0.15
4 0.27890625 0.75703125 0.115625 0.234375
4 0.3984375 0.18125 0.0625 0.109375
4 0.234375 0.2203125 0.0546875 0.08125
4 0.796875 0.24609375 0.053125 0.078125
0 0.56953125 0.81328125 0.15 0.2375
0 0.34765625 0.7578125 0.1109375 0.253125
0 0.38828125 0.49609375 0.096875 0.20625
0 0.7171875 0.66015625 0.13125 0.175
0 0.69765625 0.4734375 0.103125 0.146875
0 0.62421875 0.1328125 0.0546875 0.1
0 0.43359375 0.1234375 0.0609375 0.1046875
0 0.2578125 0.14921875 0.06875 0.103125
0 0.1296875 0.5078125 0.0578125 0.1
0 0.9546875 0.5875 0.0578125 0.096875
0 0.7453125 0.1421875 0.034375 0.025
1 0.3453125 0.94375 0.09375 0.025
1 0.3046875 0.38203125 0.059375 0.075
1 0.4234375 0.34140625 0.06875 0.0296875
1 0.84140625 0.67890625 0.040625 0.1265625
2 0.8453125 0.79140625 0.06875 0.09375
2 0.21171875 0.86953125 0.1015625 0.15625
5 0.82421875 0.7 0.021875 0.040625
3 0.76015625 0.33984375 0.084375 0.1234375
3 0.42109375 0.27578125 0.06875 0.078125
3 0.2921875 0.32265625 0.1 0.134375
3 0.07734375 0.865625 0.065625 0.071875
3 0.2109375 0.31015625 0.034375 0.075
3 0.8890625 0.86796875 0.04375 0.121875