4 0.6125 0.66640625 0.1796875 0.178125
4 0.6125 0.91953125 0.1625 0.109375
4 0.5984375 0.21015625 0.175 0.090625
4 0.165625 0.77109375 0.2515625 0.1078125
4 0.93125 0.7921875 0.090625 0.05625
4 0.87734375 0.82734375 0.109375 0.0828125
4 0.82890625 0.46640625 0.3421875 0.0890625
0 0.44453125 0.45546875 0.3875 0.175
0 0.27890625 0.20625 0.3125 0.21875
0 0.53125 0.24921875 0.2484375 0.121875
0 0.48828125 0.6375 0.209375 0.121875
0 0.17734375 0.72421875 0.2515625 0.1328125
0 0.27890625 0.9796875 0.1796875 0.040625
0 0.915625 0.571875 0.16875 0.0953125
0 0.87109375 0.165625 0.065625 0.0390625
0 0.96015625 0.19609375 0.04375 0.04375
1 0.00625 0.68828125 0.0125 0.1296875
1 0.67578125 0.71875 0.0828125 0.0765625
1 0.70546875 0.63125 0.034375 0.084375
5 0.0640625 0.80625 0.0515625 0.0375
5 0.56875 0.159375 0.0203125 0.025
5 0.57578125 0.77109375 0.028125 0.025
3 0.7875 0.5953125 0.1 0.08125
3 0.7625 0.74375 0.1484375 0.096875
3 0.75390625 0.85234375 0.103125 0.04375
3 0.1359375 0.0375 0.140625 0.075
3 0.08125 0.990625 0.1125 0.01875
2 0.071875 0.8625 0.14375 0.128125
3 0.72421875 0.175 0.159375 0.1