4 0.35859375 0.63046875 0.2515625 0.1
4 0.37734375 0.21171875 0.1671875 0.1
4 0.3875 0.8578125 0.1515625 0.103125
4 0.6765625 0.9515625 0.175 0.08125
4 0.76953125 0.73203125 0.23125 0.15
4 0.14375 0.7796875 0.1 0.0609375
4 0.17109375 0.87265625 0.1546875 0.0625
0 0.8484375 0.35078125 0.178125 0.159375
0 0.75234375 0.17109375 0.19375 0.1125
0 0.4734375 0.221875 0.225 0.1125
0 0.45 0.021875 0.1625 0.04375
0 0.16875 0.146875 0.075 0.046875
0 0.09453125 0.35 0.0734375 0.028125
0 0.0640625 0.190625 0.034375 0.0421875
0 0.0640625 0.453125 0.090625 0.0296875
0 0.771875 0.67734375 0.26875 0.175
3 0.22109375 0.559375 0.09375 0.071875
3 0.2484375 0.696875 0.1203125 0.084375
3 0.25234375 0.8 0.096875 0.034375
3 0.8125 0.04296875 0.125 0.071875
3 0.87265625 0.953125 0.1 0.0609375
1 0.95703125 0.64375 0.0390625 0.1109375
2 0.88984375 0.79375 0.1703125 0.1203125
1 0.33359375 0.68046875 0.06875 0.0546875
1 0.3 0.57265625 0.0390625 0.0484375
3 0.2734375 0.1703125 0.14375 0.090625
5 0.4265625 0.72265625 0.028125 0.0203125
0 0.11640625 0.5265625 0.14375 0.0875