4 0.41015625 0.41484375 0.13125 0.1015625
4 0.4296875 0.18359375 0.1140625 0.078125
4 0.4328125 0.73828125 0.15 0.09375
4 0.46796875 0.88984375 0.084375 0.040625
4 0.6359375 0.12265625 0.1984375 0.075
4 0.66796875 0.946875 0.1453125 0.0484375
4 0.76328125 0.33359375 0.240625 0.109375
4 0.7734375 0.8109375 0.240625 0.09375
4 0.17890625 0.41171875 0.096875 0.0625
4 0.20078125 0.69453125 0.10625 0.05
4 0.221875 0.25 0.0953125 0.053125
4 0.2484375 0.8109375 0.0625 0.040625
0 0.7578125 0.62421875 0.265625 0.2078125
0 0.73671875 0.37265625 0.271875 0.109375
0 0.71328125 0.09765625 0.1 0.0890625
0 0.6453125 0.05 0.14375 0.1
0 0.46953125 0.17265625 0.0796875 0.071875
0 0.525 0.40078125 0.140625 0.134375
0 0.16953125 0.271875 0.09375 0.059375
0 0.12421875 0.45 0.109375 0.05625
0 0.21796875 0.57265625 0.165625 0.09375
0 0.17734375 0.7609375 0.0796875 0.05625
0 0.2234375 0.790625 0.0625 0.04375
0 0.50546875 0.71484375 0.2 0.128125
0 0.51484375 0.9328125 0.10625 0.0875
0 0.74609375 0.76015625 0.23125 0.0984375
1 0.92890625 0.36328125 0.0265625 0.10625
1 0.921875 0.63046875 0.0421875 0.0890625
1 0.37421875 0.34609375 0.0796875 0.071875
1 0.34921875 0.41484375 0.0375 0.071875
1 0.3984375 0.74609375 0.090625 0.0828125
2 0.83984375 0.2421875 0.171875 0.1109375
3 0.82265625 0.903125 0.20625 0.0890625
3 0.3359375 0.7640625 0.128125 0.10625
3 0.3125 0.315625 0.11875 0.0890625
3 0.2921875 0.44375 0.0765625 0.09375
3 0.84140625 0.10703125 0.159375 0.08125
5 0.79921875 0.83671875 0.0625 0.034375
5 0.8125 0.29140625 0.046875 0.04375