4 0.5703125 0.4140625 0.084375 0.1484375
4 0.7921875 0.45 0.071875 0.190625
4 0.03828125 0.4640625 0.046875 0.121875
4 0.253125 0.534375 0.175 0.4125
4 0.89453125 0.77734375 0.08125 0.2515625
4 0.17265625 0.7859375 0.121875 0.19375
4 0.69296875 0.82890625 0.159375 0.178125
4 0.54921875 0.17734375 0.0703125 0.1140625
4 0.25546875 0.2140625 0.0625 0.103125
4 0.72734375 0.22109375 0.065625 0.1
4 0.1296875 0.2515625 0.04375 0.0796875
0 0.3859375 0.8359375 0.178125 0.271875
0 0.6046875 0.80703125 0.0921875 0.2796875
0 0.5625 0.5328125 0.1296875 0.209375
0 0.21484375 0.8359375 0.1 0.175
0 0.19765625 0.52890625 0.059375 0.165625
0 0.0125 0.53828125 0.025 0.0484375
0 0.31171875 0.13125 0.053125 0.0875
0 0.1828125 0.15 0.04375 0.040625
0 0.51328125 0.12265625 0.0703125 0.10625
0 0.696875 0.13984375 0.05 0.0859375
0 0.8421875 0.50546875 0.0578125 0.096875
0 0.96328125 0.696875 0.0515625 0.10625
0 0.8984375 0.65 0.053125 0.053125
2 0.75390625 0.91875 0.121875 0.1625
2 0.08203125 0.834375 0.0765625 0.1
3 0.5203125 0.2875 0.0734375 0.0875
3 0.65234375 0.32421875 0.0875 0.1140625
3 0.746875 0.32734375 0.04375 0.1
3 0.0328125 0.89296875 0.065625 0.128125
3 0.1640625 0.34609375 0.08125 0.13125
1 0.60546875 0.99140625 0.1125 0.0171875
1 0.65 0.40390625 0.071875 0.0859375
1 0.52421875 0.36015625 0.075 0.0375
5 0.15078125 0.47578125 0.021875 0.0375
5 0.10234375 0.7375 0.021875 0.0375