4 0.60234375 0.41328125 0.10625 0.1625
4 0.24140625 0.421875 0.084375 0.1671875
4 0.79921875 0.42578125 0.0765625 0.165625
4 0.0875 0.45 0.04375 0.14375
4 0.02265625 0.63671875 0.0453125 0.121875
4 0.1703125 0.73359375 0.059375 0.175
4 0.8953125 0.7390625 0.0859375 0.240625
4 0.7015625 0.79453125 0.14375 0.178125
4 0.56953125 0.17265625 0.065625 0.125
4 0.29140625 0.20234375 0.059375 0.103125
4 0.73828125 0.21875 0.065625 0.096875
4 0.16953125 0.25546875 0.0515625 0.09375
0 0.415625 0.790625 0.184375 0.259375
0 0.64140625 0.76875 0.14375 0.278125
0 0.58671875 0.5015625 0.125 0.228125
0 0.815625 0.5109375 0.109375 0.1484375
0 0.890625 0.63671875 0.0765625 0.128125
0 0.96484375 0.66484375 0.0625 0.1515625
0 0.2265625 0.7578125 0.10625 0.2296875
0 0.246875 0.49765625 0.103125 0.221875
0 0.03671875 0.57421875 0.0734375 0.1
0 0.071875 0.5 0.065625 0.08125
0 0.3390625 0.1328125 0.053125 0.10625
0 0.2234375 0.14765625 0.046875 0.0515625
0 0.53515625 0.13515625 0.0734375 0.140625
0 0.71328125 0.1421875 0.05625 0.096875
1 0.61953125 0.94296875 0.1171875 0.0296875
1 0.66328125 0.3890625 0.065625 0.0890625
1 0.54453125 0.34609375 0.075 0.0328125
2 0.1234375 0.79453125 0.0875 0.1
2 0.7671875 0.87421875 0.096875 0.1671875
3 0.20546875 0.33671875 0.084375 0.128125
3 0.0515625 0.8296875 0.05625 0.1921875
3 0.54296875 0.2796875 0.084375 0.1
3 0.6703125 0.31640625 0.09375 0.140625
3 0.890625 0.8625 0.06875 0.1296875
5 0.13984375 0.8671875 0.0390625 0.046875
5 0.190625 0.45546875 0.03125 0.0328125