4 0.3890625 0.409375 0.13125 0.15
4 0.1171875 0.41875 0.0875 0.284375
4 0.74765625 0.42265625 0.071875 0.1328125
4 0.89296875 0.46640625 0.05 0.103125
4 0.084375 0.71015625 0.0796875 0.18125
4 0.8140625 0.7609375 0.10625 0.2234375
4 0.33671875 0.77265625 0.1125 0.2375
4 0.41484375 0.17265625 0.0796875 0.10625
4 0.6984375 0.1984375 0.0625 0.1140625
4 0.2515625 0.2140625 0.0734375 0.0875
4 0.8140625 0.23671875 0.034375 0.0640625
0 0.6375 0.75390625 0.18125 0.24375
0 0.37578125 0.74765625 0.09375 0.2578125
0 0.0546875 0.6453125 0.103125 0.14375
0 0.1875 0.4296875 0.04375 0.078125
0 0.73359375 0.49453125 0.09375 0.2078125
0 0.940625 0.51171875 0.075 0.09375
0 0.57890625 0.20859375 0.090625 0.1703125
0 0.453125 0.115625 0.0546875 0.103125
0 0.271875 0.16328125 0.05625 0.0828125
0 0.40859375 0.51484375 0.109375 0.146875
2 0.24296875 0.846875 0.103125 0.15
5 0.84609375 0.78046875 0.028125 0.046875
1 0.34921875 0.36796875 0.0609375 0.071875
1 0.4203125 0.346875 0.0640625 0.028125
1 0.3640625 0.9265625 0.103125 0.021875
1 0.62890625 0.92578125 0.078125 0.028125
5 0.25703125 0.7296875 0.028125 0.0375
5 0.4640625 0.346875 0.0125 0.025
3 0.2328125 0.3140625 0.0375 0.0875
3 0.0984375 0.84609375 0.06875 0.084375
3 0.7765625 0.328125 0.090625 0.11875
3 0.440625 0.28203125 0.06875 0.065625
3 0.32109375 0.30078125 0.078125 0.109375
3 0.890625 0.82734375 0.04375 0.121875