4 0.30859375 0.72734375 0.4609375 0.140625
4 0.32890625 0.37265625 0.209375 0.1203125
4 0.34453125 0.81640625 0.134375 0.0953125
4 0.3609375 0.1265625 0.165625 0.103125
4 0.4734375 0.8484375 0.396875 0.215625
4 0.8109375 0.2796875 0.234375 0.115625
4 0.04140625 0.2515625 0.078125 0.0625
4 0.10859375 0.22265625 0.10625 0.0734375
0 0.51796875 0.57734375 0.384375 0.165625
0 0.73359375 0.83984375 0.271875 0.2140625
0 0.796875 0.31640625 0.3 0.1296875
0 0.5140625 0.3734375 0.19375 0.14375
0 0.640625 0.04375 0.246875 0.0875
0 0.10390625 0.86171875 0.053125 0.0296875
0 0.025 0.82890625 0.0359375 0.040625
0 0.03203125 0.453125 0.0640625 0.046875
3 0.190625 0.4421875 0.10625 0.0734375
3 0.215625 0.2953125 0.1359375 0.0875
3 0.81796875 0.9796875 0.125 0.040625
3 0.89375 0.02890625 0.121875 0.0578125
3 0.253125 0.85703125 0.15625 0.0921875
3 0.2265625 0.1875 0.109375 0.0375
1 0.30703125 0.31484375 0.065625 0.05625
1 0.26796875 0.4046875 0.040625 0.08125
1 0.97109375 0.35078125 0.04375 0.1234375
5 0.8734375 0.2328125 0.04375 0.0375
2 0.4625 0.82890625 0.171875 0.090625
2 0.90859375 0.17734375 0.171875 0.1375
5 0.39453125 0.2703125 0.03125 0.01875