4 0.61484375 0.39609375 0.103125 0.16171875
4 0.803125 0.415625 0.0703125 0.16953125
4 0.2625 0.41640625 0.0828125 0.15625
4 0.04921875 0.46875 0.084375 0.171875
4 0.05390625 0.65 0.040625 0.12734375
4 0.196875 0.71875 0.0640625 0.16171875
4 0.9046875 0.72109375 0.090625 0.25
4 0.709375 0.7640625 0.1328125 0.15859375
4 0.5828125 0.171875 0.0640625 0.109375
4 0.31015625 0.20078125 0.059375 0.11484375
4 0.7421875 0.21640625 0.0609375 0.08828125
4 0.19921875 0.24375 0.05 0.0859375
0 0.4296875 0.765625 0.16875 0.25
0 0.26328125 0.73671875 0.0875 0.1953125
0 0.2796875 0.4859375 0.0875 0.20078125
0 0.5890625 0.48828125 0.115625 0.21328125
0 0.6328125 0.73984375 0.1 0.25234375
0 0.89453125 0.64609375 0.075 0.16171875
0 0.85 0.4828125 0.05625 0.0859375
0 0.71875 0.13671875 0.0390625 0.0703125
0 0.55 0.115625 0.053125 0.0859375
0 0.3640625 0.1265625 0.0453125 0.08046875
0 0.2453125 0.14609375 0.034375 0.0234375
0 0.05 0.55625 0.0546875 0.07578125
2 0.77109375 0.853125 0.0921875 0.15078125
2 0.14765625 0.7640625 0.05 0.09609375
3 0.55546875 0.27109375 0.0671875 0.08359375
3 0.678125 0.3046875 0.078125 0.1171875
3 0.1015625 0.82265625 0.05625 0.125
3 0.2296875 0.328125 0.0859375 0.1171875
1 0.67109375 0.3734375 0.0578125 0.08046875
1 0.55625 0.3375 0.0671875 0.02890625
1 0.634375 0.91640625 0.0890625 0.02109375
1 0.8953125 0.8375 0.0640625 0.08359375
5 0.16953125 0.83984375 0.0234375 0.0390625