4 0.08203125 0.2953125 0.0546875 0.2171875
4 0.72109375 0.378125 0.071875 0.140625
4 0.3671875 0.38359375 0.0921875 0.1734375
4 0.15078125 0.3859375 0.08125 0.15625
4 0.903125 0.440625 0.059375 0.096875
4 0.7640625 0.45703125 0.09375 0.2609375
4 0.94140625 0.646875 0.05 0.1453125
4 0.05546875 0.6703125 0.0875 0.153125
4 0.265625 0.72421875 0.1171875 0.2390625
4 0.3875 0.1359375 0.0640625 0.1125
4 0.2203125 0.17578125 0.05625 0.08125
4 0.7953125 0.2015625 0.0546875 0.0796875
0 0.5625 0.78125 0.153125 0.240625
0 0.3359375 0.725 0.1140625 0.259375
0 0.37734375 0.45703125 0.1 0.2125
0 0.7140625 0.625 0.134375 0.178125
0 0.69375 0.434375 0.10625 0.15
0 0.61875 0.08671875 0.05625 0.1015625
0 0.42421875 0.0765625 0.0625 0.10625
0 0.24453125 0.103125 0.06875 0.1046875
0 0.11328125 0.46953125 0.059375 0.1015625
0 0.95703125 0.55078125 0.059375 0.1
0 0.7421875 0.09609375 0.0359375 0.025
1 0.33359375 0.91484375 0.096875 0.025
1 0.2921875 0.340625 0.0609375 0.0765625
1 0.41328125 0.29921875 0.06875 0.03125
1 0.840625 0.64453125 0.040625 0.128125
2 0.84453125 0.759375 0.071875 0.096875
2 0.196875 0.8390625 0.103125 0.159375
5 0.8234375 0.66640625 0.021875 0.040625
3 0.75859375 0.2984375 0.0859375 0.1265625
3 0.4109375 0.23203125 0.071875 0.0796875
3 0.27890625 0.28046875 0.103125 0.1375
3 0.059375 0.83515625 0.06875 0.075
3 0.19609375 0.26796875 0.034375 0.0765625
3 0.8890625 0.83828125 0.04375 0.1234375