4 0.6171875 0.40390625 0.175 0.08125
4 0.5875 0.75078125 0.159375 0.090625
4 0.5875 0.184375 0.1375 0.0875
4 0.55703125 0.9046875 0.11875 0.0453125
4 0.3640625 0.95234375 0.153125 0.046875
4 0.275 0.82109375 0.209375 0.10625
4 0.23515625 0.29453125 0.2046875 0.1375
4 0.8484375 0.43125 0.1125 0.065625
4 0.8125 0.690625 0.0875 0.0609375
4 0.78984375 0.25625 0.090625 0.0609375
4 0.7609375 0.81328125 0.075 0.05625
0 0.22109375 0.57109375 0.275 0.184375
0 0.25703125 0.36484375 0.275 0.15
0 0.3390625 0.1 0.190625 0.10625
0 0.34609375 0.034375 0.15625 0.040625
0 0.51875 0.16875 0.084375 0.0703125
0 0.515625 0.403125 0.225 0.1375
0 0.86796875 0.2765625 0.0875 0.0546875
0 0.89921875 0.44921875 0.084375 0.0828125
0 0.87890625 0.63984375 0.1 0.0875
0 0.47109375 0.7265625 0.190625 0.13125
0 0.28828125 0.76484375 0.25625 0.1390625
0 0.48125 0.9203125 0.065625 0.075
0 0.4390625 0.96015625 0.084375 0.06875
0 0.3328125 0.965625 0.1140625 0.059375
1 0.08359375 0.36796875 0.040625 0.121875
1 0.62890625 0.3265625 0.09375 0.0734375
1 0.6703125 0.446875 0.0453125 0.08125
2 0.15859375 0.234375 0.178125 0.115625
3 0.1875 0.91640625 0.190625 0.0859375
3 0.6796875 0.77421875 0.13125 0.0953125
3 0.72890625 0.44921875 0.1 0.09375
3 0.6890625 0.3109375 0.15625 0.11875
5 0.2421875 0.24765625 0.040625 0.04375
3 0.14921875 0.10390625 0.109375 0.08125
2 0.2296875 0.85625 0.11875 0.0828125