4 0.5953125 0.4890625 0.3421875 0.08125
4 0.58671875 0.4 0.175 0.109375
4 0.5859375 0.76953125 0.171875 0.090625
4 0.584375 0.1890625 0.13125 0.0875
4 0.5578125 0.9578125 0.175 0.084375
4 0.34921875 0.97890625 0.121875 0.0421875
4 0.271875 0.10078125 0.24375 0.090625
4 0.23671875 0.8546875 0.2171875 0.103125
4 0.22421875 0.303125 0.171875 0.1375
4 0.8359375 0.428125 0.1171875 0.0703125
4 0.8046875 0.71484375 0.0921875 0.0625
4 0.79375 0.26171875 0.096875 0.053125
4 0.76640625 0.83125 0.075 0.053125
0 0.21640625 0.58671875 0.2578125 0.171875
0 0.24609375 0.38203125 0.25625 0.09375
0 0.49453125 0.4171875 0.1953125 0.11875
0 0.46640625 0.74609375 0.19375 0.128125
0 0.4359375 0.96953125 0.078125 0.0609375
0 0.88203125 0.65859375 0.090625 0.0578125
0 0.88984375 0.46796875 0.1140625 0.0625
0 0.86796875 0.28515625 0.1 0.05625
0 0.34765625 0.03125 0.096875 0.05625
1 0.0625 0.37265625 0.025 0.1
1 0.62890625 0.33359375 0.078125 0.059375
1 0.67265625 0.44765625 0.0328125 0.05625
2 0.2109375 0.88515625 0.0875 0.0765625
2 0.11953125 0.24765625 0.1359375 0.134375
5 0.14296875 0.86015625 0.040625 0.03125
3 0.6765625 0.79921875 0.121875 0.084375
3 0.74609375 0.45234375 0.0546875 0.0640625
3 0.6875 0.32265625 0.11875 0.096875
3 0.70546875 0.240625 0.05625 0.025
3 0.15078125 0.1 0.0875 0.0640625
3 0.1578125 0.92734375 0.1125 0.034375