4 0.40546875 0.384375 0.115625 0.128125
4 0.3875 0.134375 0.271875 0.075
4 0.41171875 0.74453125 0.11875 0.06875
4 0.46640625 0.89140625 0.0875 0.0453125
4 0.703125 0.075 0.1390625 0.1015625
4 0.76640625 0.815625 0.221875 0.10625
4 0.77578125 0.33828125 0.2515625 0.103125
4 0.1953125 0.69609375 0.1015625 0.053125
4 0.21796875 0.24375 0.0828125 0.0546875
4 0.240625 0.81328125 0.059375 0.034375
0 0.7671875 0.6328125 0.25625 0.1875
0 0.2109375 0.57734375 0.1578125 0.06875
0 0.4921875 0.73046875 0.209375 0.0875
0 0.1109375 0.44765625 0.1 0.0515625
0 0.16328125 0.26953125 0.071875 0.0515625
0 0.5109375 0.94296875 0.109375 0.065625
0 0.17265625 0.76953125 0.06875 0.034375
4 0.11328125 0.2921875 0.0875 0.03125
0 0.4375 0.17890625 0.1 0.0375
0 0.5 0.3921875 0.18125 0.1375
3 0.3265625 0.77421875 0.125 0.084375
3 0.303125 0.31484375 0.115625 0.071875
3 0.28359375 0.4359375 0.075 0.059375
3 0.8234375 0.90546875 0.2 0.0953125
3 0.2046875 0.74921875 0.1 0.046875
5 0.7875 0.84453125 0.040625 0.03125
5 0.73671875 0.25078125 0.0375 0.028125
3 0.303125 0.18671875 0.06875 0.065625
1 0.35 0.41640625 0.040625 0.0578125
1 0.7046875 0.12578125 0.125 0.034375
1 0.3703125 0.34453125 0.0671875 0.0671875
1 0.24453125 0.72578125 0.025 0.04375
2 0.84453125 0.23046875 0.15 0.103125
4 0.17890625 0.4078125 0.115625 0.071875
0 0.7515625 0.36875 0.275 0.09375
0 0.7421875 0.76640625 0.234375 0.084375
0 0.6375 0.06015625 0.125 0.1203125
0 0.22734375 0.79375 0.059375 0.03125
0 0.22578125 0.234375 0.0640625 0.0609375
1 0.93203125 0.3578125 0.025 0.1125
1 0.92890625 0.62421875 0.03125 0.078125
3 0.84765625 0.0890625 0.13125 0.078125
5 0.35390625 0.4578125 0.034375 0.01875
5 0.35703125 0.72734375 0.025 0.015625