4 0.39375 0.2640625 0.0984375 0.43984375
4 0.2046875 0.35703125 0.0828125 0.15625
4 0.621875 0.3765625 0.1609375 0.16953125
4 0.85078125 0.38125 0.0984375 0.1484375
4 0.7265625 0.79140625 0.1203125 0.234375
4 0.73828125 0.0875 0.0515625 0.07578125
4 0.76796875 0.14453125 0.065625 0.09609375
4 0.46796875 0.203125 0.103125 0.35390625
0 0.2 0.6890625 0.2015625 0.28125
0 0.428125 0.53515625 0.15625 0.35390625
0 0.94140625 0.68515625 0.1140625 0.16171875
0 0.55625 0.11328125 0.05625 0.11953125
0 0.2390625 0.459375 0.10625 0.2265625
0 0.16640625 0.15078125 0.0453125 0.06015625
0 0.190625 0.06875 0.0375 0.046875
2 0.8 0.896875 0.121875 0.15859375
3 0.0453125 0.8125 0.0796875 0.13046875
3 0.69375 0.2515625 0.0921875 0.125
3 0.56015625 0.22265625 0.075 0.08046875
3 0.17109375 0.27890625 0.0890625 0.15078125
3 0.79453125 0.24609375 0.0375 0.1015625
3 0.94921875 0.86171875 0.0796875 0.125
1 0.64140625 0.9546875 0.11875 0.0390625
1 0.66796875 0.32578125 0.075 0.078125
1 0.58984375 0.2953125 0.0765625 0.0390625
1 0.809375 0.33828125 0.0234375 0.07578125
5 0.15625 0.4203125 0.01875 0.03125
5 0.71640625 0.415625 0.01875 0.03359375