4 0.6125 0.74140625 0.15 0.06875
4 0.59453125 0.4015625 0.1734375 0.090625
4 0.59375 0.1890625 0.15 0.071875
4 0.5859375 0.1046875 0.2625 0.10625
4 0.5734375 0.9 0.146875 0.05
4 0.5296875 0.78359375 0.2625 0.1
4 0.3421875 0.9578125 0.15625 0.0375
4 0.3046875 0.09375 0.159375 0.0875
4 0.22734375 0.2921875 0.1875 0.13125
4 0.83984375 0.41875 0.11875 0.0640625
4 0.7984375 0.25234375 0.09375 0.0625
4 0.77578125 0.81171875 0.075 0.05
0 0.21640625 0.58828125 0.215625 0.1625
0 0.3609375 0.73984375 0.1734375 0.128125
0 0.53984375 0.73046875 0.1734375 0.1
0 0.52109375 0.4015625 0.2109375 0.10625
0 0.25703125 0.36328125 0.271875 0.1046875
0 0.52109375 0.1375 0.05625 0.0421875
3 0.74453125 0.44609375 0.06875 0.06875
3 0.7109375 0.325 0.103125 0.075
3 0.1734375 0.9140625 0.11875 0.05625
3 0.1640625 0.103125 0.0828125 0.0671875
3 0.6859375 0.77890625 0.10625 0.0921875
3 0.7046875 0.234375 0.0828125 0.034375
1 0.6296875 0.3265625 0.078125 0.0578125
1 0.67265625 0.44453125 0.034375 0.0671875
1 0.07734375 0.3609375 0.025 0.0875
2 0.22578125 0.8625 0.0875 0.071875
2 0.15390625 0.23359375 0.1578125 0.1046875
5 0.31953125 0.84140625 0.034375 0.01875
5 0.6015625 0.38125 0.0375 0.01875