4 0.5609375 0.34296875 0.178125 0.121875
4 0.55625 0.121875 0.1296875 0.090625
4 0.5171875 0.8984375 0.1125 0.059375
4 0.3234375 0.94296875 0.14375 0.04375
4 0.26015625 0.03828125 0.1578125 0.0765625
4 0.2078125 0.82734375 0.2234375 0.1
4 0.16796875 0.24453125 0.20625 0.13125
4 0.82734375 0.371875 0.1125 0.075
4 0.7796875 0.534375 0.315625 0.071875
4 0.778125 0.20078125 0.1 0.0609375
4 0.746875 0.79140625 0.09375 0.053125
0 0.17265625 0.53671875 0.290625 0.190625
0 0.22421875 0.75 0.240625 0.1234375
0 0.44453125 0.69296875 0.209375 0.1390625
0 0.471875 0.35859375 0.203125 0.1125
0 0.21171875 0.3203125 0.275 0.096875
0 0.34296875 0.053125 0.1046875 0.0984375
0 0.85703125 0.2265625 0.096875 0.0625
0 0.8796875 0.41015625 0.11875 0.0765625
0 0.86875 0.61171875 0.11875 0.0578125
0 0.85703125 0.74140625 0.025 0.0375
1 0.0171875 0.31953125 0.021875 0.109375
2 0.090625 0.17890625 0.140625 0.121875
2 0.1765625 0.84375 0.1015625 0.0609375
1 0.60859375 0.2765625 0.096875 0.0640625
1 0.65078125 0.40078125 0.0375 0.08125
3 0.659375 0.75078125 0.128125 0.1078125
3 0.71640625 0.40390625 0.084375 0.0796875
3 0.68359375 0.27109375 0.1296875 0.109375
3 0.68203125 0.18046875 0.0875 0.0359375
3 0.10703125 0.0375 0.09375 0.0609375
3 0.12109375 0.90078125 0.1375 0.0578125
5 0.103125 0.8265625 0.034375 0.025