4 0.59296875 0.37109375 0.11875 0.1640625
4 0.22109375 0.38046875 0.0875 0.171875
4 0.8578125 0.3890625 0.096875 0.15390625
4 0.9484375 0.70078125 0.078125 0.16640625
4 0.7140625 0.79921875 0.1109375 0.22421875
4 0.30234375 0.0859375 0.05 0.13046875
4 0.73671875 0.0875 0.0578125 0.06484375
4 0.596875 0.09765625 0.0703125 0.12734375
4 0.7671875 0.1484375 0.0640625 0.08828125
0 0.42734375 0.5296875 0.153125 0.36953125
0 0.2015625 0.6890625 0.2015625 0.28125
0 0.6671875 0.775 0.1109375 0.25234375
0 0.58671875 0.49375 0.1359375 0.18203125
0 0.16171875 0.1421875 0.040625 0.04140625
0 0.18984375 0.0625 0.040625 0.0390625
0 0.559375 0.09140625 0.05 0.109375
1 0.6390625 0.953125 0.1171875 0.04140625
1 0.66640625 0.3265625 0.0703125 0.08359375
1 0.59140625 0.296875 0.0796875 0.046875
1 0.1765625 0.3765625 0.0296875 0.05234375
3 0.05 0.81875 0.0859375 0.13046875
3 0.1671875 0.27578125 0.096875 0.14609375
3 0.55703125 0.22421875 0.071875 0.09921875
3 0.69609375 0.24765625 0.08125 0.13828125
2 0.8 0.89296875 0.115625 0.16171875
5 0.15625 0.4203125 0.028125 0.02578125
5 0.715625 0.415625 0.01875 0.03125
3 0.79140625 0.2515625 0.0453125 0.109375