4 0.64140625 0.4078125 0.16875 0.128125
4 0.61875 0.83515625 0.1796875 0.075
4 0.615625 0.12734375 0.16875 0.1
4 0.1703125 0.26640625 0.259375 0.1265625
4 0.94453125 0.25078125 0.0875 0.0578125
4 0.8796875 0.2234375 0.103125 0.065625
4 0.815625 0.54609375 0.36875 0.1
4 0.75546875 0.6140625 0.4875 0.0953125
0 0.4484375 0.5921875 0.3859375 0.18125
0 0.28125 0.83515625 0.30625 0.23125
0 0.5375 0.79453125 0.2515625 0.121875
0 0.184375 0.3234375 0.2796875 0.1265625
0 0.29140625 0.04375 0.178125 0.0875
0 0.91875 0.4484375 0.1375 0.0546875
0 0.88125 0.87734375 0.05625 0.03125
0 0.965625 0.84453125 0.03125 0.0578125
3 0.7625 0.3 0.140625 0.0921875
3 0.79453125 0.45 0.0859375 0.084375
3 0.7375 0.8734375 0.140625 0.090625
3 0.0734375 0.03125 0.140625 0.0625
3 0.75703125 0.1921875 0.1140625 0.0359375
1 0.68125 0.33046875 0.0875 0.078125
1 0.7171875 0.40703125 0.0515625 0.078125
1 0.01171875 0.35546875 0.021875 0.13125
5 0.57734375 0.8859375 0.0171875 0.025
2 0.0671875 0.18203125 0.134375 0.13125
5 0.584375 0.27265625 0.034375 0.03125