4 0.61484375 0.340625 0.1171875 0.1921875
4 0.85625 0.39375 0.090625 0.134375
4 0.20390625 0.39453125 0.1 0.2
4 0.95078125 0.71015625 0.0984375 0.20625
4 0.73515625 0.78046875 0.13125 0.228125
4 0.25546875 0.1234375 0.065625 0.090625
4 0.7765625 0.15546875 0.06875 0.10625
0 0.34765625 0.85234375 0.1625 0.1734375
0 0.16640625 0.76875 0.1078125 0.2265625
0 0.2203125 0.47265625 0.1328125 0.221875
0 0.3578125 0.06953125 0.071875 0.1078125
0 0.1875 0.06484375 0.046875 0.0421875
0 0.14140625 0.1671875 0.04375 0.046875
0 0.52734375 0.1234375 0.0875 0.171875
0 0.5984375 0.46484375 0.109375 0.1921875
0 0.678125 0.7828125 0.134375 0.28125
0 0.975 0.55703125 0.05 0.1734375
2 0.78828125 0.875 0.128125 0.1875
5 0.725 0.4265625 0.01875 0.034375
5 0.13125 0.45546875 0.021875 0.021875
1 0.6421875 0.96328125 0.121875 0.046875
1 0.678125 0.32734375 0.075 0.0765625
1 0.5765625 0.30390625 0.053125 0.03125
3 0.1640625 0.275 0.090625 0.14375
3 0.5546875 0.22734375 0.075 0.090625
3 0.69453125 0.25546875 0.084375 0.140625
3 0.79375 0.26015625 0.040625 0.084375
3 0.959375 0.8765625 0.071875 0.1
3 0.03984375 0.8234375 0.065625 0.11875