4 0.60859375 0.40859375 0.128125 0.14609375
4 0.87421875 0.41796875 0.0859375 0.27890625
4 0.2578125 0.421875 0.0703125 0.13046875
4 0.115625 0.46484375 0.0484375 0.1015625
4 0.90625 0.703125 0.078125 0.17734375
4 0.19296875 0.75234375 0.103125 0.21875
4 0.659375 0.7640625 0.1109375 0.23203125
4 0.58359375 0.17734375 0.078125 0.10390625
4 0.30625 0.2015625 0.0609375 0.11171875
4 0.74296875 0.2171875 0.071875 0.0859375
4 0.19296875 0.23984375 0.034375 0.0625
0 0.365625 0.74609375 0.1765625 0.23984375
0 0.621875 0.73984375 0.0921875 0.25234375
0 0.9359375 0.6390625 0.1015625 0.140625
0 0.80546875 0.428125 0.04375 0.07578125
0 0.271875 0.4921875 0.0921875 0.203125
0 0.06875 0.509375 0.0734375 0.09140625
0 0.42265625 0.2125 0.0890625 0.16640625
0 0.54609375 0.12109375 0.053125 0.1015625
0 0.7234375 0.16796875 0.0546875 0.08046875
0 0.5890625 0.51171875 0.1078125 0.14296875
2 0.7515625 0.8375 0.1 0.14609375
5 0.16171875 0.771875 0.028125 0.046875
1 0.64765625 0.36875 0.059375 0.0703125
1 0.578125 0.34765625 0.0625 0.02890625
1 0.6328125 0.915625 0.1 0.02109375
1 0.37421875 0.9140625 0.0765625 0.02890625
5 0.7375 0.72265625 0.028125 0.03671875
5 0.53515625 0.34765625 0.0125 0.0234375
3 0.76171875 0.31484375 0.0359375 0.0859375
3 0.89296875 0.8359375 0.0671875 0.08359375
3 0.2296875 0.3296875 0.0875 0.1171875
3 0.5578125 0.28359375 0.0671875 0.06484375
3 0.675 0.30234375 0.0765625 0.10703125
3 0.11796875 0.81796875 0.04375 0.11953125