4 0.57109375 0.42421875 0.109375 0.140625
4 0.221875 0.45546875 0.096875 0.1640625
4 0.8203125 0.45546875 0.090625 0.140625
4 0.06328125 0.496875 0.053125 0.1203125
4 0.8890625 0.68125 0.0875 0.21875
4 0.01015625 0.71015625 0.0203125 0.15625
4 0.66015625 0.81484375 0.128125 0.24375
4 0.14140625 0.82734375 0.096875 0.2640625
4 0.57265625 0.1765625 0.0625 0.1
4 0.27265625 0.20078125 0.059375 0.096875
4 0.7484375 0.22421875 0.065625 0.075
4 0.14375 0.2546875 0.040625 0.059375
0 0.334375 0.81484375 0.196875 0.275
0 0.24140625 0.534375 0.1015625 0.2
0 0.575 0.54453125 0.1171875 0.15625
0 0.6109375 0.79296875 0.090625 0.2640625
0 0.9203125 0.75859375 0.0875 0.08125
0 0.9640625 0.6765625 0.071875 0.1234375
0 0.39921875 0.2171875 0.0890625 0.184375
0 0.73203125 0.1625 0.078125 0.06875
0 0.53671875 0.121875 0.0625 0.115625
0 0.84296875 0.4953125 0.0625 0.0921875
1 0.64609375 0.3890625 0.065625 0.078125
1 0.57109375 0.36640625 0.078125 0.04375
1 0.628125 0.98828125 0.1125 0.021875
1 0.34296875 0.98828125 0.0703125 0.021875
5 0.11328125 0.85625 0.021875 0.05
5 0.5203125 0.3703125 0.015625 0.03125
3 0.1875 0.34921875 0.090625 0.134375
3 0.54609375 0.29296875 0.0671875 0.075
3 0.67734375 0.31875 0.08125 0.1203125
3 0.76953125 0.3203125 0.0359375 0.078125
3 0.915625 0.9109375 0.0703125 0.0921875
2 0.75234375 0.8953125 0.11875 0.1640625