4 0.36796875 0.628125 0.16875 0.1671875
4 0.36796875 0.86640625 0.153125 0.103125
4 0.38125 0.19765625 0.1625 0.084375
4 0.7859375 0.7265625 0.234375 0.1015625
4 0.06953125 0.74609375 0.0859375 0.053125
4 0.1203125 0.7796875 0.1015625 0.078125
4 0.16328125 0.440625 0.3265625 0.084375
0 0.52578125 0.42890625 0.3625 0.1640625
0 0.68046875 0.19453125 0.290625 0.20625
0 0.44375 0.234375 0.2328125 0.1140625
0 0.48359375 0.60078125 0.1953125 0.1140625
0 0.77578125 0.6828125 0.234375 0.1265625
0 0.68046875 0.9515625 0.16875 0.096875
0 0.084375 0.53828125 0.1578125 0.090625
0 0.12578125 0.15625 0.0625 0.0375
0 0.04296875 0.18515625 0.040625 0.040625
1 0.9546875 0.64921875 0.0453125 0.121875
1 0.30859375 0.6765625 0.078125 0.071875
1 0.28046875 0.59453125 0.03125 0.078125
5 0.88125 0.759375 0.0484375 0.0359375
5 0.409375 0.15 0.01875 0.025
5 0.40234375 0.7265625 0.0265625 0.021875
3 0.2046875 0.5609375 0.09375 0.075
3 0.22734375 0.70078125 0.1390625 0.090625
3 0.23515625 0.803125 0.096875 0.040625
3 0.8140625 0.03515625 0.13125 0.0703125
3 0.8640625 0.96171875 0.103125 0.0765625
2 0.89140625 0.81328125 0.16875 0.1203125
3 0.26328125 0.16484375 0.15 0.09375