4 0.5984375 0.39609375 0.1578125 0.15625
4 0.25625 0.40859375 0.0765625 0.13046875
4 0.8109375 0.43125 0.0875 0.11171875
4 0.115625 0.4625 0.0390625 0.09140625
4 0.059375 0.65078125 0.0390625 0.13515625
4 0.90078125 0.69765625 0.0796875 0.16171875
4 0.1875 0.73203125 0.1015625 0.17734375
4 0.66484375 0.7671875 0.121875 0.24765625
4 0.5875 0.17578125 0.0671875 0.09609375
4 0.30390625 0.1953125 0.053125 0.08828125
4 0.7453125 0.21484375 0.0609375 0.08046875
4 0.1875 0.23984375 0.0328125 0.05234375
0 0.3671875 0.75390625 0.1828125 0.25546875
0 0.2671875 0.5 0.096875 0.17734375
0 0.0703125 0.50546875 0.071875 0.09375
0 0.22890625 0.71875 0.1171875 0.1953125
0 0.42265625 0.2109375 0.084375 0.171875
0 0.54375 0.12734375 0.05625 0.11171875
0 0.71640625 0.15859375 0.0546875 0.09375
0 0.94296875 0.62734375 0.0953125 0.1328125
1 0.63515625 0.9125 0.1046875 0.03359375
1 0.37421875 0.9140625 0.0859375 0.03359375
1 0.64609375 0.365625 0.065625 0.0703125
1 0.5796875 0.3453125 0.0703125 0.03359375
3 0.228125 0.33203125 0.0765625 0.11171875
3 0.5578125 0.2828125 0.0640625 0.07265625
3 0.67421875 0.3046875 0.0734375 0.11484375
3 0.9 0.83828125 0.065625 0.09140625
3 0.7625 0.3046875 0.0328125 0.08828125
3 0.11953125 0.8046875 0.053125 0.125
2 0.75234375 0.83203125 0.1 0.1328125
5 0.16796875 0.771875 0.021875 0.03125