4 0.37734375 0.60546875 0.26875 0.10625
4 0.396875 0.15859375 0.178125 0.10625
4 0.4078125 0.8484375 0.1625 0.109375
4 0.71640625 0.94765625 0.1875 0.0875
4 0.815625 0.7140625 0.246875 0.159375
4 0.14765625 0.76484375 0.10625 0.065625
4 0.17734375 0.8640625 0.165625 0.0671875
0 0.89921875 0.30703125 0.190625 0.171875
0 0.79765625 0.115625 0.20625 0.121875
0 0.5 0.16953125 0.240625 0.121875
0 0.17421875 0.08984375 0.08125 0.05
0 0.0953125 0.30625 0.078125 0.03125
0 0.0625 0.1359375 0.0359375 0.0453125
0 0.0625 0.41640625 0.096875 0.03125
0 0.81875 0.65625 0.2875 0.1875
3 0.23046875 0.53046875 0.1 0.078125
3 0.26015625 0.6765625 0.128125 0.0890625
3 0.2640625 0.78671875 0.103125 0.0375
3 0.86015625 0.00859375 0.134375 0.015625
3 0.92578125 0.95 0.10625 0.065625
2 0.92578125 0.78046875 0.146875 0.128125
1 0.35078125 0.659375 0.071875 0.059375
1 0.3140625 0.54375 0.0421875 0.053125
3 0.2859375 0.11484375 0.153125 0.096875
5 0.45 0.70390625 0.03125 0.021875
0 0.11875 0.4953125 0.153125 0.0921875