4 0.6078125 0.40234375 0.125 0.11171875
4 0.85078125 0.38515625 0.0734375 0.265625
4 0.2578125 0.40859375 0.0671875 0.11484375
4 0.11484375 0.4625 0.04375 0.0859375
4 0.90859375 0.69296875 0.0984375 0.13515625
4 0.18828125 0.75390625 0.103125 0.21640625
4 0.65234375 0.76328125 0.1 0.24453125
4 0.3046875 0.19765625 0.0515625 0.09921875
4 0.74453125 0.2203125 0.053125 0.08046875
4 0.190625 0.2421875 0.0328125 0.05703125
0 0.36640625 0.75546875 0.18125 0.25
0 0.4203125 0.21328125 0.0671875 0.15390625
0 0.27109375 0.48671875 0.0859375 0.203125
0 0.54609375 0.115625 0.05 0.09609375
0 0.71953125 0.16640625 0.05 0.0703125
0 0.06484375 0.50546875 0.0640625 0.10703125
0 0.23359375 0.17578125 0.034375 0.06796875
4 0.69765625 0.11875 0.03125 0.0859375
0 0.80703125 0.43359375 0.0375 0.09609375
0 0.6 0.49453125 0.134375 0.17734375
3 0.22890625 0.32578125 0.08125 0.12265625
3 0.675 0.303125 0.0703125 0.11171875
3 0.5578125 0.28359375 0.0578125 0.07265625
3 0.1015625 0.81015625 0.0921875 0.1953125
3 0.253125 0.20703125 0.0453125 0.09609375
5 0.16015625 0.775 0.03125 0.0390625
5 0.7375 0.725 0.028125 0.03671875
3 0.8 0.303125 0.0640625 0.06796875
1 0.5765625 0.34921875 0.05625 0.0390625
1 0.859375 0.69375 0.0328125 0.12265625
1 0.64609375 0.36875 0.065625 0.06484375
1 0.27578125 0.24609375 0.0421875 0.0234375
2 0.75703125 0.83046875 0.1 0.14609375
4 0.58515625 0.18203125 0.0703125 0.11171875
0 0.62265625 0.73984375 0.0921875 0.26796875
0 0.23671875 0.73046875 0.0828125 0.22890625
0 0.9265625 0.62890625 0.125 0.12265625
0 0.21015625 0.22890625 0.0296875 0.05703125
0 0.753125 0.228125 0.059375 0.0625
1 0.63359375 0.915625 0.109375 0.0234375
1 0.37421875 0.9125 0.0765625 0.03125
3 0.89453125 0.83359375 0.0765625 0.12734375
5 0.5359375 0.353125 0.01875 0.03359375
5 0.27421875 0.35546875 0.0140625 0.0234375