4 0.38671875 0.6828125 0.365625 0.13125
4 0.38671875 0.40234375 0.1453125 0.090625
4 0.415625 0.77109375 0.1640625 0.084375
4 0.4234375 0.19921875 0.159375 0.075
4 0.453125 0.90859375 0.13125 0.0546875
4 0.5296875 0.79375 0.1828125 0.1078125
4 0.6703125 0.96171875 0.13125 0.0453125
4 0.7390625 0.10234375 0.215625 0.084375
4 0.78203125 0.3015625 0.1609375 0.140625
4 0.18125 0.4234375 0.121875 0.071875
4 0.23671875 0.2390625 0.0859375 0.084375
4 0.24765625 0.825 0.0859375 0.0484375
0 0.80625 0.596875 0.2125 0.1515625
0 0.6640625 0.75234375 0.159375 0.1375
0 0.51875 0.409375 0.190625 0.1
0 0.7609375 0.38046875 0.2609375 0.090625
0 0.49296875 0.15703125 0.1078125 0.0578125
2 0.79453125 0.87265625 0.1 0.0703125
2 0.865625 0.23984375 0.16875 0.0984375
1 0.3828125 0.33203125 0.071875 0.059375
1 0.3453125 0.45703125 0.034375 0.065625
1 0.94453125 0.378125 0.025 0.1015625
5 0.7015625 0.85234375 0.0296875 0.025
3 0.33984375 0.790625 0.121875 0.0859375
3 0.27578125 0.45625 0.075 0.0609375
3 0.315625 0.32109375 0.11875 0.1
3 0.8546875 0.10859375 0.084375 0.065625
3 0.32109375 0.24296875 0.0671875 0.028125
3 0.85078125 0.92265625 0.121875 0.0515625
0 0.13046875 0.465625 0.115625 0.05625
0 0.1453125 0.284375 0.075 0.0484375
0 0.13046875 0.65390625 0.0671875 0.0578125
0 0.14375 0.7734375 0.01875 0.0375
0 0.5984375 0.9734375 0.1046875 0.053125
0 0.51640625 0.92890625 0.059375 0.034375