4 0.87265625 0.3296875 0.0515625 0.20546875
4 0.2671875 0.4078125 0.0671875 0.1328125
4 0.60234375 0.4125 0.0875 0.1640625
4 0.80703125 0.415625 0.0765625 0.1484375
4 0.09453125 0.4671875 0.05625 0.09140625
4 0.2265625 0.4828125 0.0890625 0.24765625
4 0.05859375 0.6625 0.046875 0.13828125
4 0.89765625 0.68515625 0.0828125 0.14609375
4 0.6984375 0.7359375 0.1109375 0.2265625
4 0.5828125 0.178125 0.0609375 0.10703125
4 0.74140625 0.21640625 0.053125 0.078125
4 0.196875 0.240625 0.0515625 0.07578125
0 0.4171875 0.790625 0.1453125 0.22890625
0 0.63203125 0.73671875 0.1078125 0.24453125
0 0.59296875 0.4828125 0.09375 0.20078125
0 0.27421875 0.6421875 0.128125 0.16953125
0 0.29296875 0.4609375 0.1 0.14296875
0 0.3640625 0.13125 0.053125 0.09609375
0 0.5484375 0.12265625 0.059375 0.1015625
0 0.71875 0.146875 0.065625 0.09921875
0 0.84296875 0.49453125 0.05625 0.09609375
0 0.04375 0.571875 0.05625 0.09375
0 0.246875 0.140625 0.034375 0.0234375
1 0.634375 0.91640625 0.090625 0.0234375
1 0.6734375 0.37265625 0.0578125 0.07265625
1 0.55859375 0.33359375 0.065625 0.02890625
1 0.15390625 0.66015625 0.0390625 0.12265625
2 0.15 0.76953125 0.0671875 0.09140625
2 0.76328125 0.8453125 0.0984375 0.15078125
5 0.1703125 0.68125 0.0203125 0.0390625
3 0.23203125 0.33203125 0.08125 0.11953125
3 0.5609375 0.26953125 0.0671875 0.07578125
3 0.6859375 0.31484375 0.096875 0.13046875
3 0.89375 0.84140625 0.0640625 0.0703125
3 0.7640625 0.303125 0.0328125 0.07265625
3 0.1078125 0.84375 0.0421875 0.1171875