4 0.421875 0.7234375 0.3703125 0.1640625
4 0.425 0.440625 0.14375 0.09375
4 0.44375 0.81796875 0.146875 0.08125
4 0.45703125 0.21328125 0.184375 0.071875
4 0.4796875 0.975 0.1328125 0.05
4 0.59140625 0.853125 0.303125 0.109375
4 0.7921875 0.1109375 0.23125 0.09375
4 0.85546875 0.32109375 0.2078125 0.15625
4 0.18671875 0.4546875 0.125 0.071875
4 0.22578125 0.28125 0.109375 0.0625
4 0.2703125 0.88828125 0.0953125 0.0484375
0 0.865625 0.6421875 0.2375 0.1625
0 0.55078125 0.4421875 0.215625 0.1265625
0 0.70546875 0.7984375 0.178125 0.1375
0 0.5046875 0.80390625 0.178125 0.08125
0 0.55234375 0.990625 0.0625 0.01875
0 0.1328125 0.70234375 0.078125 0.04375
0 0.16015625 0.83046875 0.034375 0.0375
0 0.13984375 0.49765625 0.128125 0.065625
0 0.153125 0.30703125 0.065625 0.05625
0 0.52421875 0.1671875 0.0875 0.053125
0 0.81953125 0.4046875 0.2859375 0.109375
2 0.93203125 0.2578125 0.1359375 0.128125
2 0.846875 0.93515625 0.109375 0.065625
5 0.7546875 0.91484375 0.034375 0.01875
1 0.41328125 0.359375 0.090625 0.0640625
1 0.36875 0.490625 0.03125 0.071875
3 0.36015625 0.84921875 0.125 0.096875
3 0.29765625 0.4859375 0.084375 0.075
3 0.33671875 0.35 0.121875 0.096875
3 0.9078125 0.97890625 0.128125 0.0421875
3 0.93203125 0.1125 0.0921875 0.05625
3 0.3296875 0.2578125 0.075 0.0375