4 0.621875 0.36796875 0.15625 0.175
4 0.86015625 0.37578125 0.0984375 0.153125
4 0.2890625 0.42734375 0.140625 0.43125
4 0.2609375 0.53203125 0.19375 0.471875
4 0.73125 0.7921875 0.1234375 0.23125
4 0.74453125 0.08203125 0.053125 0.084375
4 0.77578125 0.13359375 0.065625 0.096875
0 0.4265625 0.53046875 0.178125 0.378125
0 0.19453125 0.690625 0.203125 0.30625
0 0.94296875 0.67734375 0.1140625 0.2328125
0 0.67421875 0.78203125 0.13125 0.275
0 0.60390625 0.5015625 0.15 0.234375
0 0.88671875 0.4421875 0.0859375 0.128125
0 0.559375 0.096875 0.0890625 0.1109375
0 0.17265625 0.146875 0.065625 0.084375
0 0.19453125 0.0609375 0.0625 0.0625
0 0.01328125 0.4265625 0.0265625 0.234375
1 0.64453125 0.95390625 0.128125 0.0453125
1 0.67265625 0.3265625 0.0828125 0.103125
1 0.59453125 0.28828125 0.084375 0.0421875
2 0.31328125 0.51484375 0.13125 0.1828125
2 0.80703125 0.878125 0.1375 0.190625
5 0.721875 0.41015625 0.028125 0.040625
3 0.034375 0.82578125 0.06875 0.2328125
3 0.5609375 0.22109375 0.1 0.125
3 0.69921875 0.24609375 0.0984375 0.1625
3 0.95078125 0.85859375 0.090625 0.16875