4 0.58046875 0.40390625 0.1 0.13046875
4 0.80859375 0.4234375 0.0765625 0.11171875
4 0.2625 0.42578125 0.0921875 0.1484375
4 0.11328125 0.4609375 0.040625 0.08359375
4 0.86796875 0.6265625 0.0734375 0.1953125
4 0.05703125 0.6578125 0.046875 0.14296875
4 0.6609375 0.7515625 0.1078125 0.23671875
4 0.190625 0.76171875 0.0921875 0.23671875
4 0.58359375 0.17578125 0.0625 0.09609375
4 0.30546875 0.19765625 0.05 0.10390625
4 0.74296875 0.21875 0.053125 0.09375
4 0.190625 0.24453125 0.0390625 0.0625
0 0.37421875 0.74609375 0.2046875 0.26015625
0 0.621875 0.725 0.1078125 0.26796875
0 0.89296875 0.7015625 0.0875 0.09921875
0 0.9421875 0.63515625 0.1015625 0.140625
0 0.81875 0.4625 0.0703125 0.078125
0 0.59453125 0.5171875 0.13125 0.13828125
0 0.72109375 0.16640625 0.059375 0.09140625
0 0.54609375 0.12265625 0.0546875 0.10703125
0 0.425 0.21484375 0.0921875 0.1640625
0 0.23984375 0.17421875 0.0546875 0.078125
0 0.2109375 0.2203125 0.0421875 0.0625
0 0.28515625 0.49765625 0.1265625 0.19765625
0 0.07109375 0.50625 0.0859375 0.10390625
0 0.240625 0.734375 0.096875 0.2265625
1 0.63125 0.9140625 0.1046875 0.02578125
1 0.36875 0.9078125 0.0875 0.04140625
1 0.6484375 0.36875 0.0703125 0.078125
1 0.58046875 0.34375 0.0703125 0.03671875
1 0.2546875 0.3921875 0.08125 0.08828125
2 0.75078125 0.8265625 0.109375 0.16953125
3 0.1 0.81015625 0.0875 0.203125
3 0.23671875 0.33046875 0.1046875 0.125
3 0.678125 0.30703125 0.0875 0.1171875
3 0.55234375 0.2875 0.0921875 0.07578125
3 0.88359375 0.828125 0.0796875 0.15625
5 0.165625 0.78671875 0.034375 0.0625
5 0.70234375 0.79921875 0.04375 0.046875