4 0.5390625 0.41640625 0.084375 0.35
4 0.6296875 0.425 0.1125 0.178125
4 0.253125 0.4265625 0.090625 0.175
4 0.84609375 0.428125 0.090625 0.134375
4 0.05703125 0.45546875 0.0984375 0.178125
4 0.0375 0.66796875 0.05 0.125
4 0.9359375 0.746875 0.090625 0.25
4 0.16640625 0.78359375 0.1046875 0.221875
4 0.72890625 0.79609375 0.140625 0.175
4 0.6015625 0.17109375 0.071875 0.11875
4 0.309375 0.203125 0.0625 0.09375
4 0.771875 0.2140625 0.0546875 0.1
4 0.190625 0.24140625 0.053125 0.078125
0 0.43984375 0.80390625 0.175 0.2640625
0 0.6484375 0.7734375 0.096875 0.2609375
0 0.6125 0.51953125 0.1203125 0.2
0 0.27734375 0.5484375 0.13125 0.196875
0 0.03984375 0.57890625 0.0796875 0.08125
0 0.36640625 0.1234375 0.059375 0.090625
0 0.5609375 0.115625 0.0625 0.115625
0 0.74765625 0.1375 0.05625 0.103125
0 0.98828125 0.66953125 0.0234375 0.1
1 0.65859375 0.9609375 0.1015625 0.025
1 0.6984375 0.38203125 0.0625 0.08125
1 0.58203125 0.3375 0.059375 0.034375
2 0.1359375 0.809375 0.078125 0.0890625
2 0.7859375 0.903125 0.1375 0.1390625
5 0.1609375 0.87890625 0.03125 0.040625
3 0.2234375 0.33359375 0.084375 0.125
3 0.5765625 0.2625 0.065625 0.05625
3 0.709375 0.321875 0.0984375 0.121875
3 0.7921875 0.30390625 0.0265625 0.059375
3 0.93671875 0.87109375 0.065625 0.0890625
3 0.0921875 0.8640625 0.034375 0.1140625