4 0.5921875 0.40859375 0.090625 0.18125
4 0.2359375 0.4296875 0.090625 0.16875
4 0.8171875 0.44140625 0.084375 0.1328125
4 0.06953125 0.478125 0.059375 0.103125
4 0.03203125 0.66328125 0.0328125 0.140625
4 0.1421875 0.7828125 0.096875 0.1953125
4 0.44140625 0.12890625 0.040625 0.121875
4 0.5640625 0.1671875 0.04375 0.1171875
4 0.29296875 0.2078125 0.059375 0.0953125
4 0.74453125 0.22421875 0.0625 0.0953125
4 0.171875 0.25390625 0.05625 0.078125
0 0.415625 0.803125 0.171875 0.2609375
0 0.60546875 0.79375 0.1453125 0.234375
0 0.9046875 0.68046875 0.09375 0.1578125
0 0.97265625 0.66875 0.04375 0.096875
0 0.83203125 0.4921875 0.053125 0.0375
0 0.59765625 0.509375 0.11875 0.209375
0 0.72265625 0.14296875 0.053125 0.06875
0 0.540625 0.12265625 0.059375 0.103125
0 0.35390625 0.1328125 0.059375 0.090625
0 0.225 0.14921875 0.046875 0.034375
0 0.0578125 0.55546875 0.053125 0.05
0 0.22265625 0.76796875 0.103125 0.18125
2 0.76640625 0.8828125 0.109375 0.16875
2 0.1234375 0.80546875 0.0671875 0.090625
5 0.746875 0.78515625 0.0375 0.0375
3 0.5484375 0.2796875 0.0734375 0.078125
3 0.671875 0.31953125 0.09375 0.125
3 0.20859375 0.33984375 0.0875 0.125
3 0.0828125 0.85859375 0.071875 0.125
3 0.765625 0.3125 0.046875 0.0921875
1 0.63046875 0.95 0.1140625 0.034375
1 0.6703125 0.39140625 0.06875 0.084375
1 0.5484375 0.34921875 0.0734375 0.040625
3 0.05390625 0.63203125 0.0375 0.1578125