4 0.6015625 0.36328125 0.1359375 0.2109375
4 0.209375 0.375 0.1015625 0.171875
4 0.85703125 0.4 0.0921875 0.13828125
4 0.95234375 0.67734375 0.0859375 0.1875
4 0.73515625 0.77890625 0.14375 0.21875
4 0.7703125 0.15078125 0.0671875 0.09921875
4 0.871875 0.18125 0.06875 0.1484375
0 0.35078125 0.84609375 0.1625 0.1640625
0 0.1734375 0.7578125 0.1140625 0.2109375
0 0.22421875 0.46875 0.115625 0.22421875
0 0.5921875 0.50390625 0.1109375 0.19296875
0 0.52578125 0.11484375 0.0859375 0.14609375
0 0.19453125 0.06640625 0.04375 0.03359375
0 0.146875 0.16171875 0.0453125 0.046875
0 0.028125 0.44140625 0.05625 0.13046875
0 0.45625 0.071875 0.0296875 0.09609375
1 0.66796875 0.328125 0.0703125 0.07578125
1 0.5671875 0.296875 0.0484375 0.04453125
1 0.63984375 0.953125 0.1234375 0.04453125
2 0.7921875 0.8890625 0.121875 0.17421875
5 0.71796875 0.42421875 0.0234375 0.03359375
3 0.6953125 0.25 0.0828125 0.12265625
3 0.5546875 0.21484375 0.0734375 0.08046875
3 0.17265625 0.2734375 0.090625 0.14609375