4 0.246875 0.31796875 0.140625 0.459375
4 0.60078125 0.33828125 0.11875 0.20625
4 0.1578125 0.35390625 0.09375 0.1328125
4 0.8453125 0.3703125 0.103125 0.165625
4 0.1265625 0.48203125 0.2140625 0.3953125
4 0.69296875 0.81796875 0.115625 0.23125
4 0.72109375 0.05234375 0.0625 0.078125
4 0.75 0.11875 0.0734375 0.1046875
0 0.39609375 0.5265625 0.1640625 0.38125
0 0.134375 0.740625 0.2125 0.271875
0 0.65625 0.80390625 0.1296875 0.2984375
0 0.6 0.521875 0.14375 0.19375
0 0.9375 0.64921875 0.1046875 0.246875
0 0.11328125 0.11484375 0.0296875 0.053125
0 0.1453125 0.0359375 0.040625 0.0359375
0 0.5203125 0.0375 0.046875 0.075
3 0.53046875 0.2 0.0734375 0.1046875
3 0.678125 0.225 0.0875 0.134375
3 0.0078125 0.82421875 0.015625 0.125
3 0.9515625 0.90078125 0.071875 0.121875
3 0.11796875 0.2625 0.090625 0.1546875
3 0.78515625 0.2359375 0.0375 0.1078125
1 0.6578125 0.31640625 0.05625 0.065625
1 0.56796875 0.27734375 0.08125 0.040625
1 0.621875 0.9765625 0.121875 0.04375
5 0.73984375 0.8796875 0.0375 0.04375
2 0.1453125 0.47109375 0.090625 0.171875
2 0.79453125 0.9140625 0.1375 0.171875
5 0.70234375 0.403125 0.01875 0.03125