4 0.3796875 0.39453125 0.140625 0.0921875
4 0.41015625 0.18203125 0.1375 0.078125
4 0.4140625 0.75078125 0.15625 0.084375
4 0.4546875 0.89453125 0.10625 0.0671875
4 0.59296875 0.93828125 0.1375 0.0375
4 0.628125 0.78046875 0.203125 0.1171875
4 0.715625 0.10078125 0.1875 0.0875
4 0.15078125 0.42890625 0.1109375 0.046875
4 0.209375 0.253125 0.10625 0.059375
0 0.76484375 0.571875 0.2328125 0.1625
0 0.76171875 0.390625 0.228125 0.14375
0 0.75625 0.7375 0.14375 0.1375
0 0.5265625 0.7171875 0.19375 0.1125
0 0.55546875 0.95859375 0.0875 0.040625
0 0.6703125 0.9484375 0.109375 0.0390625
0 0.25 0.82421875 0.0578125 0.046875
0 0.11796875 0.6421875 0.084375 0.053125
0 0.1359375 0.75546875 0.040625 0.0359375
0 0.1296875 0.27421875 0.075 0.0375
0 0.475 0.1640625 0.040625 0.046875
0 0.49765625 0.39609375 0.184375 0.109375
0 0.6046875 0.0984375 0.0609375 0.071875
0 0.65234375 0.03203125 0.121875 0.05
2 0.85078125 0.228125 0.159375 0.10625
2 0.775 0.853125 0.096875 0.06875
1 0.37734375 0.321875 0.084375 0.0625
1 0.33359375 0.44375 0.034375 0.071875
1 0.91953125 0.35859375 0.0234375 0.0921875
5 0.7578125 0.246875 0.03125 0.034375
3 0.32421875 0.77109375 0.11875 0.0828125
3 0.26484375 0.44140625 0.08125 0.071875
3 0.3015625 0.31171875 0.11875 0.1046875
3 0.828125 0.9 0.1375 0.0703125
3 0.29921875 0.23359375 0.0875 0.046875