4 0.609375 0.40625 0.13125 0.18125
4 0.2 0.41640625 0.096875 0.190625
4 0.9 0.4265625 0.10625 0.16875
4 0.978125 0.76953125 0.04375 0.1828125
4 0.740625 0.87734375 0.121875 0.2453125
4 0.28984375 0.0921875 0.0546875 0.14375
4 0.7671875 0.09375 0.0625 0.071875
4 0.61328125 0.1046875 0.078125 0.140625
4 0.80078125 0.1609375 0.0703125 0.096875
0 0.42734375 0.58203125 0.16875 0.4078125
0 0.17890625 0.75703125 0.221875 0.309375
0 0.690625 0.85234375 0.121875 0.278125
0 0.60234375 0.54140625 0.15 0.2
0 0.13515625 0.15390625 0.04375 0.046875
0 0.165625 0.06640625 0.04375 0.04375
0 0.571875 0.09765625 0.0546875 0.1203125
1 0.68984375 0.3578125 0.078125 0.0921875
1 0.60703125 0.325 0.0875 0.0515625
1 0.1515625 0.4125 0.0328125 0.0578125
3 0.02890625 0.8984375 0.0578125 0.14375
3 0.140625 0.3015625 0.10625 0.1609375
3 0.56953125 0.24453125 0.078125 0.109375
3 0.72265625 0.2703125 0.0890625 0.153125
2 0.83671875 0.946875 0.128125 0.10625
5 0.12890625 0.4609375 0.03125 0.028125
5 0.74375 0.45546875 0.0203125 0.034375
3 0.82734375 0.27421875 0.05 0.1203125