4 0.603125 0.3890625 0.16875 0.0875
4 0.5828125 0.18125 0.159375 0.075
4 0.5546875 0.88671875 0.1203125 0.0609375
4 0.5 0.68671875 0.40625 0.153125
4 0.33046875 0.94453125 0.125 0.0328125
4 0.29921875 0.07890625 0.15625 0.0875
4 0.2859375 0.76953125 0.21875 0.090625
4 0.2109375 0.27421875 0.171875 0.1546875
4 0.82890625 0.4078125 0.1125 0.071875
4 0.796875 0.6828125 0.1015625 0.071875
4 0.778125 0.23984375 0.08125 0.0625
4 0.75703125 0.80703125 0.0859375 0.046875
0 0.21796875 0.56328125 0.2515625 0.16875
0 0.240625 0.34609375 0.284375 0.13125
0 0.5015625 0.39765625 0.228125 0.1578125
0 0.2421875 0.71484375 0.228125 0.115625
0 0.41171875 0.96015625 0.13125 0.0765625
0 0.49296875 0.9078125 0.0828125 0.06875
0 0.87421875 0.6296875 0.115625 0.0796875
0 0.8703125 0.446875 0.128125 0.075
0 0.86328125 0.26640625 0.109375 0.071875
0 0.509375 0.1453125 0.09375 0.078125
0 0.3625 0.0921875 0.128125 0.0875
0 0.34765625 0.03046875 0.10625 0.0609375
1 0.06796875 0.3546875 0.034375 0.115625
1 0.325 0.85234375 0.121875 0.05625
1 0.61796875 0.315625 0.1203125 0.075
1 0.66328125 0.43203125 0.04375 0.0875
2 0.13515625 0.21953125 0.159375 0.11875
2 0.21640625 0.8421875 0.103125 0.0890625
5 0.30859375 0.83125 0.0375 0.03125
5 0.55234375 0.78359375 0.04375 0.021875
3 0.6640625 0.76796875 0.15 0.0859375
3 0.184375 0.91328125 0.1921875 0.0875
3 0.68828125 0.3109375 0.121875 0.1046875
3 0.71953125 0.43125 0.109375 0.09375
3 0.15546875 0.0890625 0.128125 0.071875