4 0.5828125 0.39921875 0.175 0.1734375
4 0.20390625 0.41328125 0.084375 0.14375
4 0.81796875 0.4375 0.096875 0.125
4 0.0484375 0.47265625 0.04375 0.1
4 0.91796875 0.734375 0.0875 0.178125
4 0.128125 0.771875 0.1125 0.196875
4 0.65625 0.8109375 0.134375 0.275
4 0.57109375 0.1546875 0.075 0.10625
4 0.25703125 0.1765625 0.059375 0.0984375
4 0.7453125 0.19765625 0.0671875 0.090625
4 0.128125 0.22578125 0.0375 0.0578125
0 0.32734375 0.79609375 0.203125 0.284375
0 0.21640625 0.5140625 0.10625 0.196875
0 0.01875 0.51953125 0.0375 0.1046875
0 0.17421875 0.75703125 0.1296875 0.215625
0 0.38828125 0.19375 0.09375 0.190625
0 0.52265625 0.10078125 0.0625 0.125
0 0.71328125 0.1359375 0.0609375 0.103125
0 0.95546875 0.65390625 0.0890625 0.1484375
1 0.6234375 0.97265625 0.115625 0.0375
1 0.33515625 0.97421875 0.0953125 0.0375
1 0.6359375 0.365625 0.071875 0.078125
1 0.5625 0.3421875 0.078125 0.0375
3 0.17265625 0.328125 0.084375 0.125
3 0.53828125 0.2734375 0.071875 0.08125
3 0.6671875 0.29765625 0.08125 0.128125
3 0.9171875 0.88984375 0.071875 0.1
3 0.76484375 0.29765625 0.0375 0.0984375
3 0.053125 0.85234375 0.059375 0.1390625
2 0.753125 0.8828125 0.1109375 0.146875
5 0.10625 0.81640625 0.025 0.034375