4 0.659375 0.6515625 0.18125 0.09375
4 0.63828125 0.8734375 0.171875 0.08125
4 0.6078125 0.11953125 0.1296875 0.065625
4 0.54921875 0.33359375 0.4375 0.1625
4 0.36640625 0.0578125 0.134375 0.034375
4 0.33359375 0.96796875 0.165625 0.0640625
4 0.31875 0.24453125 0.2359375 0.096875
4 0.23828125 0.77421875 0.184375 0.165625
4 0.90234375 0.63125 0.1203125 0.0765625
4 0.86796875 0.3375 0.109375 0.075
4 0.84765625 0.8109375 0.0859375 0.0671875
4 0.825 0.2046875 0.0921875 0.05
0 0.2453125 0.46484375 0.2703125 0.18125
0 0.2703125 0.696875 0.3046875 0.1390625
0 0.55 0.64140625 0.24375 0.16875
0 0.271875 0.303125 0.24375 0.1234375
0 0.45390625 0.04140625 0.140625 0.08125
0 0.54140625 0.096875 0.0890625 0.075
0 0.9453125 0.39453125 0.109375 0.084375
0 0.93984375 0.58828125 0.1203125 0.08125
0 0.93984375 0.7828125 0.11875 0.0765625
0 0.55859375 0.91171875 0.1 0.084375
0 0.40234375 0.96015625 0.1375 0.0796875
1 0.08515625 0.68828125 0.0375 0.1234375
1 0.3609375 0.15625 0.13125 0.059375
1 0.675 0.7296875 0.1296875 0.078125
1 0.72421875 0.60546875 0.046875 0.09375
2 0.15625 0.8328125 0.171875 0.128125
2 0.24453125 0.16640625 0.1125 0.096875
5 0.34375 0.17890625 0.040625 0.0328125
5 0.6046875 0.2296875 0.046875 0.025
3 0.72578125 0.246875 0.1609375 0.090625
3 0.21015625 0.09140625 0.20625 0.09375
3 0.7515625 0.734375 0.13125 0.1125
3 0.784375 0.60625 0.11875 0.1015625
3 0.178125 0.96640625 0.1375 0.0671875