4 0.62109375 0.38125 0.1625 0.1640625
4 0.853125 0.38125 0.1 0.1484375
4 0.203125 0.39453125 0.0828125 0.15859375
4 0.7171875 0.7890625 0.0984375 0.22890625
4 0.7359375 0.09140625 0.0515625 0.08359375
4 0.76875 0.140625 0.075 0.09921875
4 0.43984375 0.178125 0.08125 0.32578125
0 0.428125 0.53515625 0.159375 0.35390625
0 0.2 0.6859375 0.2 0.28359375
0 0.2390625 0.45546875 0.1109375 0.2265625
0 0.59453125 0.49453125 0.1109375 0.18984375
0 0.67421875 0.77890625 0.121875 0.22890625
0 0.94375 0.6875 0.109375 0.1640625
0 0.534375 0.10546875 0.0875 0.15390625
0 0.1625 0.14609375 0.0359375 0.06015625
0 0.190625 0.06484375 0.0390625 0.0390625
1 0.6421875 0.953125 0.11875 0.04453125
1 0.66875 0.32421875 0.0703125 0.07578125
1 0.5890625 0.296875 0.0765625 0.03125
5 0.74921875 0.88125 0.034375 0.046875
5 0.15703125 0.421875 0.0234375 0.01796875
5 0.7171875 0.415625 0.021875 0.02578125
3 0.55625 0.22265625 0.0734375 0.09140625
3 0.6921875 0.24453125 0.0890625 0.13515625
3 0.79140625 0.25234375 0.0390625 0.09375
3 0.04453125 0.81640625 0.0703125 0.12734375
3 0.946875 0.865625 0.0734375 0.1015625
2 0.8015625 0.8921875 0.1171875 0.1640625
3 0.17109375 0.2796875 0.0921875 0.14609375