4 0.61328125 0.3375 0.115625 0.18984375
4 0.8515625 0.3890625 0.090625 0.1328125
4 0.2078125 0.390625 0.0984375 0.19765625
4 0.94765625 0.703125 0.1015625 0.203125
4 0.73203125 0.771875 0.1296875 0.2265625
4 0.25859375 0.12265625 0.065625 0.08828125
4 0.7734375 0.15390625 0.06875 0.10390625
0 0.34921875 0.84375 0.1609375 0.171875
0 0.1703125 0.76015625 0.10625 0.22421875
0 0.2234375 0.4671875 0.13125 0.21875
0 0.359375 0.06875 0.0703125 0.10703125
0 0.19140625 0.0640625 0.0453125 0.04140625
0 0.14609375 0.165625 0.04375 0.046875
0 0.52734375 0.12265625 0.0875 0.16953125
0 0.596875 0.459375 0.1078125 0.18984375
0 0.67578125 0.775 0.1328125 0.27890625
0 0.97265625 0.553125 0.0546875 0.171875
2 0.784375 0.865625 0.1265625 0.18515625
5 0.721875 0.421875 0.01875 0.03359375
5 0.1359375 0.45078125 0.021875 0.02109375
1 0.640625 0.953125 0.1203125 0.046875
1 0.67578125 0.32421875 0.0734375 0.07578125
1 0.57578125 0.30078125 0.053125 0.03125
3 0.16796875 0.271875 0.090625 0.14296875
3 0.55390625 0.225 0.0734375 0.08828125
3 0.6921875 0.25234375 0.0828125 0.13828125
3 0.78984375 0.2578125 0.0390625 0.08359375
3 0.95390625 0.8671875 0.0703125 0.09921875
3 0.0453125 0.81484375 0.065625 0.1171875