4 0.60078125 0.3890625 0.09375 0.16953125
4 0.81171875 0.415625 0.0796875 0.1328125
4 0.2546875 0.41796875 0.0921875 0.15390625
4 0.1171875 0.44375 0.0515625 0.1328125
4 0.06328125 0.6421875 0.0375 0.12734375
4 0.1859375 0.7125 0.0890625 0.1640625
4 0.6828125 0.78359375 0.1140625 0.21875
4 0.5671875 0.1640625 0.0578125 0.11484375
4 0.31640625 0.19921875 0.0625 0.0859375
4 0.7421875 0.22265625 0.0578125 0.1015625
4 0.19765625 0.240625 0.053125 0.0859375
0 0.42890625 0.771875 0.165625 0.2578125
0 0.6265625 0.74453125 0.1046875 0.26796875
0 0.603125 0.49765625 0.1046875 0.20546875
0 0.89765625 0.66015625 0.0890625 0.1640625
0 0.96015625 0.6421875 0.0421875 0.0859375
0 0.83125 0.4765625 0.053125 0.0546875
0 0.72265625 0.13671875 0.0390625 0.06796875
0 0.54609375 0.11171875 0.05 0.07578125
0 0.36171875 0.1234375 0.040625 0.07578125
0 0.24453125 0.14453125 0.034375 0.02890625
0 0.28515625 0.52890625 0.121875 0.18515625
0 0.0796875 0.521875 0.034375 0.0546875
0 0.2390625 0.71484375 0.1046875 0.21640625
1 0.634375 0.91640625 0.1078125 0.03359375
1 0.67421875 0.38046875 0.0625 0.0859375
1 0.55546875 0.334375 0.0671875 0.03125
2 0.15078125 0.771875 0.0734375 0.0859375
2 0.7625 0.8453125 0.0984375 0.15859375
5 0.74765625 0.75390625 0.0359375 0.03671875
3 0.5546875 0.26796875 0.0703125 0.08046875
3 0.6859375 0.30703125 0.09375 0.1171875
3 0.75703125 0.31015625 0.0359375 0.08828125
3 0.228125 0.3265625 0.0828125 0.11484375
3 0.109375 0.82578125 0.075 0.13828125