4 0.6171875 0.23203125 0.103125 0.4640625
4 0.8171875 0.3296875 0.0875 0.165625
4 0.3765625 0.35 0.1703125 0.178125
4 0.134375 0.35546875 0.103125 0.15625
4 0.265625 0.78828125 0.128125 0.246875
4 0.253125 0.0453125 0.0546875 0.0796875
4 0.221875 0.10546875 0.06875 0.1015625
4 0.53984375 0.17734375 0.109375 0.3546875
0 0.821875 0.6796875 0.2125 0.296875
0 0.58046875 0.51796875 0.165625 0.3734375
0 0.05 0.67578125 0.1 0.1703125
0 0.4453125 0.07265625 0.059375 0.1265625
0 0.78046875 0.43828125 0.1125 0.2390625
0 0.85703125 0.1125 0.046875 0.0625
0 0.83203125 0.02578125 0.040625 0.05
2 0.18828125 0.9 0.128125 0.16875
3 0.971875 0.81015625 0.05625 0.1375
3 0.3 0.21875 0.096875 0.13125
3 0.44140625 0.18828125 0.078125 0.084375
3 0.85234375 0.246875 0.09375 0.159375
3 0.19375 0.21328125 0.040625 0.10625
3 0.03671875 0.86171875 0.0734375 0.1328125
1 0.35546875 0.96015625 0.125 0.040625
1 0.32734375 0.296875 0.078125 0.08125
1 0.41015625 0.26484375 0.08125 0.040625
1 0.178125 0.31015625 0.025 0.0796875
5 0.86796875 0.396875 0.01875 0.0328125
5 0.2765625 0.39140625 0.01875 0.0359375