4 0.34375 0.3828125 0.1484375 0.33359375
4 0.59921875 0.38515625 0.084375 0.13046875
4 0.2578125 0.40234375 0.0734375 0.1328125
4 0.80390625 0.4140625 0.065625 0.16640625
4 0.115625 0.43515625 0.0484375 0.11953125
4 0.2265625 0.53515625 0.0984375 0.2734375
4 0.06015625 0.65 0.04375 0.1171875
4 0.896875 0.71640625 0.084375 0.20859375
4 0.70703125 0.7734375 0.140625 0.1875
4 0.5859375 0.1703125 0.0640625 0.11171875
4 0.74296875 0.20546875 0.05625 0.09921875
4 0.19453125 0.24609375 0.04375 0.0859375
0 0.4171875 0.7828125 0.146875 0.21328125
0 0.59765625 0.4984375 0.1140625 0.1953125
0 0.27578125 0.63828125 0.1234375 0.16171875
0 0.27109375 0.45703125 0.0734375 0.16171875
0 0.04453125 0.58984375 0.0671875 0.11171875
0 0.09296875 0.5 0.0359375 0.05703125
0 0.3625 0.12265625 0.0390625 0.0703125
0 0.246875 0.146875 0.034375 0.03125
0 0.54765625 0.12890625 0.059375 0.11484375
0 0.71953125 0.140625 0.0515625 0.06015625
0 0.84609375 0.475 0.0484375 0.078125
0 0.63125 0.740625 0.0984375 0.2578125
2 0.76484375 0.85 0.115625 0.13515625
2 0.15234375 0.765625 0.059375 0.09921875
5 0.1703125 0.68203125 0.0171875 0.03125
1 0.63203125 0.91640625 0.1015625 0.02109375
1 0.67265625 0.375 0.0578125 0.08046875
1 0.55390625 0.334375 0.065625 0.02890625
3 0.2296875 0.3265625 0.0875 0.11171875
3 0.5578125 0.27109375 0.06875 0.07578125
3 0.68046875 0.30625 0.0875 0.109375
3 0.10546875 0.821875 0.0515625 0.11484375
3 0.8953125 0.8421875 0.0515625 0.08359375
3 0.7640625 0.29921875 0.0328125 0.06796875