4 0.59921875 0.396875 0.09375 0.1796875
4 0.25625 0.415625 0.0859375 0.15390625
4 0.809375 0.42734375 0.0921875 0.140625
4 0.11484375 0.4359375 0.053125 0.1328125
4 0.06328125 0.63046875 0.0375 0.13046875
4 0.16796875 0.7578125 0.084375 0.19296875
4 0.56953125 0.1703125 0.046875 0.12265625
4 0.3125 0.203125 0.0515625 0.09921875
4 0.74140625 0.2171875 0.05625 0.09609375
4 0.1953125 0.24453125 0.0390625 0.07265625
4 0.11953125 0.25625 0.04375 0.0859375
0 0.428125 0.77109375 0.1578125 0.23984375
0 0.60703125 0.7640625 0.1328125 0.2265625
0 0.24140625 0.73984375 0.0953125 0.17734375
0 0.28359375 0.52890625 0.1171875 0.1796875
0 0.08046875 0.5234375 0.0390625 0.04921875
0 0.5953125 0.48984375 0.13125 0.19296875
0 0.89765625 0.646875 0.0875 0.15078125
0 0.96015625 0.64609375 0.0421875 0.09609375
0 0.72421875 0.1421875 0.0453125 0.06484375
0 0.36796875 0.12734375 0.0515625 0.07265625
0 0.2453125 0.14609375 0.0359375 0.02890625
2 0.7671875 0.84765625 0.10625 0.16171875
2 0.1453125 0.7734375 0.059375 0.07578125
3 0.1046875 0.83046875 0.0578125 0.12734375
3 0.5546875 0.275 0.0703125 0.06484375
3 0.67421875 0.30078125 0.0734375 0.10703125
3 0.89453125 0.8359375 0.05625 0.0703125
3 0.7609375 0.303125 0.0359375 0.0703125
3 0.23203125 0.328125 0.08125 0.11484375
5 0.746875 0.75390625 0.0328125 0.03359375
1 0.62890625 0.91796875 0.1 0.02890625
1 0.67265625 0.37890625 0.0578125 0.0703125
1 0.55390625 0.3421875 0.059375 0.0234375