4 0.3796875 0.340625 0.3578125 0.159375
4 0.3828125 0.61484375 0.140625 0.090625
4 0.40078125 0.2484375 0.1421875 0.078125
4 0.41328125 0.834375 0.178125 0.0703125
4 0.4359375 0.0953125 0.128125 0.053125
4 0.54296875 0.21484375 0.29375 0.10625
4 0.66640625 0.0359375 0.125 0.046875
4 0.7375 0.934375 0.2234375 0.090625
4 0.79921875 0.73046875 0.2 0.1515625
4 0.15234375 0.60078125 0.1203125 0.06875
4 0.18984375 0.76953125 0.10625 0.0609375
4 0.23359375 0.18046875 0.0921875 0.046875
0 0.80859375 0.41953125 0.228125 0.1578125
0 0.50390625 0.61328125 0.209375 0.121875
0 0.65390625 0.26796875 0.1734375 0.1328125
0 0.459375 0.2625 0.1734375 0.078125
0 0.60234375 0.02734375 0.1203125 0.0546875
0 0.50546875 0.07109375 0.0625 0.0375
0 0.10078125 0.3609375 0.075 0.0421875
0 0.12734375 0.23671875 0.034375 0.0375
0 0.1078125 0.559375 0.121875 0.0640625
0 0.1203125 0.74375 0.0640625 0.05625
0 0.47890625 0.8796875 0.084375 0.053125
0 0.7640625 0.64921875 0.2765625 0.10625
2 0.88125 0.79296875 0.1453125 0.125
2 0.790625 0.13515625 0.10625 0.0640625
5 0.70078125 0.1546875 0.034375 0.01875
1 0.95234375 0.65 0.021875 0.109375
1 0.371875 0.69375 0.0875 0.0625
1 0.328125 0.56640625 0.03125 0.0703125
3 0.31953125 0.21796875 0.1203125 0.09375
3 0.26015625 0.5703125 0.08125 0.0734375
3 0.29765625 0.70234375 0.1171875 0.09375
3 0.85078125 0.084375 0.121875 0.05625
3 0.87265625 0.9328125 0.0890625 0.05625
3 0.290625 0.7921875 0.071875 0.0359375