4 0.33515625 0.37734375 0.128125 0.35390625
4 0.60703125 0.37734375 0.0875 0.140625
4 0.25 0.4046875 0.0828125 0.15859375
4 0.80390625 0.4125 0.0734375 0.15390625
4 0.11640625 0.44140625 0.053125 0.12734375
4 0.228125 0.515625 0.1046875 0.17734375
4 0.06484375 0.65234375 0.04375 0.12734375
4 0.89765625 0.71875 0.0828125 0.20859375
4 0.7046875 0.76015625 0.1359375 0.15625
4 0.58671875 0.178125 0.06875 0.1171875
4 0.765625 0.23203125 0.08125 0.08359375
4 0.19765625 0.2421875 0.046875 0.08359375
0 0.41875 0.78359375 0.146875 0.20546875
0 0.26796875 0.64609375 0.1328125 0.15390625
0 0.6 0.50546875 0.096875 0.18515625
0 0.628125 0.73984375 0.0875 0.25234375
0 0.84453125 0.48046875 0.05625 0.10390625
2 0.1515625 0.771875 0.0671875 0.09609375
2 0.76484375 0.84140625 0.0953125 0.1640625
1 0.675 0.3734375 0.0578125 0.0703125
1 0.55390625 0.3375 0.0640625 0.03359375
1 0.63046875 0.91796875 0.0984375 0.0234375
5 0.17109375 0.68203125 0.025 0.02890625
3 0.23125 0.33203125 0.0828125 0.1171875
3 0.5546875 0.26953125 0.059375 0.07265625
3 0.6859375 0.30859375 0.096875 0.11484375
3 0.89140625 0.83046875 0.0640625 0.08046875
3 0.76171875 0.3140625 0.028125 0.06484375
3 0.103125 0.8265625 0.05 0.1171875
0 0.54609375 0.12890625 0.0546875 0.11171875
0 0.72109375 0.14296875 0.046875 0.07265625
0 0.36328125 0.12890625 0.05625 0.06484375
0 0.24765625 0.1421875 0.0359375 0.01796875
0 0.04609375 0.58359375 0.0671875 0.1015625
0 0.096875 0.50234375 0.034375 0.05703125