4 0.61484375 0.32421875 0.1296875 0.1796875
4 0.209375 0.334375 0.0953125 0.1875
4 0.9046875 0.34453125 0.10625 0.16875
4 0.98046875 0.6859375 0.0390625 0.1828125
4 0.74765625 0.79453125 0.121875 0.246875
4 0.296875 0.04140625 0.0546875 0.0828125
4 0.771875 0.02421875 0.0625 0.0484375
4 0.61796875 0.046875 0.0765625 0.09375
4 0.80546875 0.0796875 0.0703125 0.096875
0 0.434375 0.4984375 0.1671875 0.40625
0 0.1875 0.67265625 0.2203125 0.309375
0 0.69609375 0.7671875 0.121875 0.278125
0 0.60859375 0.45859375 0.1484375 0.2
0 0.14453125 0.07265625 0.04375 0.046875
0 0.57734375 0.03828125 0.0546875 0.0765625
1 0.665625 0.9625 0.128125 0.046875
1 0.6953125 0.27578125 0.0765625 0.090625
1 0.61328125 0.24296875 0.0875 0.0515625
1 0.16015625 0.3296875 0.0328125 0.05625
3 0.034375 0.8140625 0.06875 0.14375
3 0.15 0.2203125 0.10625 0.159375
3 0.57578125 0.1625 0.078125 0.109375
3 0.728125 0.18828125 0.0890625 0.1515625
2 0.84140625 0.896875 0.1265625 0.178125
5 0.13828125 0.37890625 0.03125 0.028125
5 0.74921875 0.37265625 0.0203125 0.034375
3 0.83203125 0.19296875 0.05 0.1203125