4 0.6140625 0.371875 0.159375 0.1765625
4 0.85546875 0.3796875 0.1 0.15625
4 0.2765625 0.43203125 0.14375 0.4359375
4 0.2484375 0.5375 0.196875 0.475
4 0.72421875 0.80078125 0.125 0.2328125
4 0.73828125 0.0828125 0.0546875 0.0859375
4 0.76953125 0.13515625 0.0671875 0.1
0 0.415625 0.5359375 0.1796875 0.38125
0 0.18125 0.69765625 0.20625 0.309375
0 0.940625 0.684375 0.11875 0.234375
0 0.6671875 0.78984375 0.134375 0.278125
0 0.5953125 0.50703125 0.153125 0.2375
0 0.88203125 0.446875 0.0875 0.128125
0 0.55078125 0.09765625 0.090625 0.1125
0 0.159375 0.1484375 0.065625 0.0859375
0 0.18125 0.06171875 0.0625 0.0640625
0 0.00546875 0.43203125 0.0109375 0.2375
1 0.63671875 0.9640625 0.128125 0.0453125
1 0.665625 0.33046875 0.084375 0.103125
1 0.5859375 0.29140625 0.084375 0.04375
2 0.3015625 0.5203125 0.134375 0.184375
2 0.8015625 0.8875 0.140625 0.1921875
5 0.715625 0.4140625 0.028125 0.040625
3 0.0265625 0.834375 0.053125 0.234375
3 0.55234375 0.2234375 0.1015625 0.125
3 0.6921875 0.2484375 0.1 0.1625
3 0.946875 0.86796875 0.090625 0.171875