4 0.415625 0.3984375 0.0953125 0.1234375
4 0.184375 0.434375 0.078125 0.109375
4 0.73671875 0.4421875 0.08125 0.13125
4 0.8890625 0.46875 0.04375 0.09375
4 0.1265625 0.63671875 0.08125 0.2
4 0.94921875 0.665625 0.046875 0.13125
4 0.33515625 0.759375 0.115625 0.240625
4 0.81328125 0.77265625 0.084375 0.240625
4 0.4171875 0.18125 0.05625 0.090625
4 0.69140625 0.1984375 0.053125 0.096875
4 0.24765625 0.22109375 0.059375 0.078125
4 0.80859375 0.2484375 0.0375 0.065625
0 0.63359375 0.759375 0.184375 0.25
0 0.41640625 0.52109375 0.1109375 0.153125
0 0.7203125 0.49765625 0.090625 0.1921875
0 0.92890625 0.5078125 0.084375 0.109375
0 0.7625 0.74375 0.075 0.240625
0 0.58046875 0.215625 0.078125 0.171875
0 0.45234375 0.1015625 0.053125 0.0625
0 0.275 0.16875 0.0625 0.090625
0 0.17421875 0.46171875 0.075 0.0875
0 0.05078125 0.63984375 0.096875 0.1265625
0 0.10234375 0.7078125 0.090625 0.10625
0 0.378125 0.73828125 0.103125 0.253125
0 0.76640625 0.16953125 0.04375 0.071875
0 0.4390625 0.16953125 0.03125 0.05
1 0.36484375 0.9265625 0.1046875 0.028125
1 0.621875 0.92265625 0.096875 0.03125
1 0.3515625 0.3734375 0.0625 0.0734375
1 0.41796875 0.34765625 0.071875 0.03125
1 0.74921875 0.39375 0.053125 0.059375
2 0.25234375 0.83671875 0.1140625 0.1421875
5 0.83671875 0.79609375 0.0296875 0.05625
5 0.29453125 0.8 0.0375 0.0421875
3 0.44140625 0.284375 0.06875 0.084375
3 0.32265625 0.309375 0.071875 0.109375
3 0.77578125 0.33125 0.08125 0.115625
3 0.88515625 0.81328125 0.065625 0.140625
3 0.2328125 0.315625 0.040625 0.1
5 0.7796875 0.44609375 0.0203125 0.03125
3 0.103125 0.85234375 0.075 0.1234375