4 0.5953125 0.38828125 0.0796875 0.171875
4 0.25625 0.41640625 0.0890625 0.15625
4 0.81015625 0.41640625 0.0859375 0.13515625
4 0.10546875 0.446875 0.04375 0.1171875
4 0.059375 0.63515625 0.0453125 0.15078125
4 0.1875 0.72265625 0.1046875 0.20546875
4 0.70234375 0.76171875 0.134375 0.20078125
4 0.56875 0.16171875 0.0640625 0.109375
4 0.31484375 0.196875 0.059375 0.0859375
4 0.73984375 0.21875 0.059375 0.08828125
4 0.1953125 0.24765625 0.0546875 0.07265625
0 0.43203125 0.77578125 0.18125 0.26796875
0 0.63359375 0.740625 0.146875 0.26796875
0 0.89296875 0.66015625 0.103125 0.1875
0 0.95703125 0.65390625 0.040625 0.15390625
0 0.82578125 0.484375 0.06875 0.08359375
0 0.59609375 0.48671875 0.134375 0.22109375
0 0.7203125 0.1421875 0.053125 0.0859375
0 0.5515625 0.11171875 0.08125 0.08359375
0 0.36484375 0.13125 0.0859375 0.09921875
0 0.2796875 0.53125 0.128125 0.1875
0 0.2421875 0.709375 0.1359375 0.25
0 0.090625 0.52109375 0.0734375 0.06484375
0 0.0515625 0.5625 0.0671875 0.08359375
0 0.04609375 0.66640625 0.0578125 0.11171875
1 0.63046875 0.91015625 0.1203125 0.0390625
1 0.67109375 0.3765625 0.071875 0.09140625
1 0.55390625 0.3359375 0.0796875 0.04453125
2 0.76171875 0.8375 0.1125 0.17421875
3 0.09453125 0.80859375 0.084375 0.1875
3 0.23359375 0.3265625 0.0921875 0.12734375
3 0.5515625 0.27890625 0.0921875 0.09921875
3 0.68671875 0.31796875 0.1171875 0.15390625
5 0.7484375 0.75546875 0.04375 0.0390625
3 0.8890625 0.84609375 0.0796875 0.10703125
2 0.153125 0.7671875 0.08125 0.1171875