4 0.62890625 0.6765625 0.3875 0.140625
4 0.62890625 0.3796875 0.153125 0.0953125
4 0.5984375 0.76953125 0.175 0.090625
4 0.58984375 0.16484375 0.16875 0.08125
4 0.55859375 0.915625 0.140625 0.0578125
4 0.47734375 0.79375 0.19375 0.1140625
4 0.32734375 0.971875 0.140625 0.0484375
4 0.25390625 0.0625 0.228125 0.090625
4 0.20859375 0.27265625 0.171875 0.1484375
4 0.846875 0.4015625 0.128125 0.075
4 0.78828125 0.20625 0.090625 0.0890625
4 0.77734375 0.8265625 0.090625 0.0515625
0 0.1828125 0.58515625 0.225 0.159375
0 0.334375 0.75 0.16875 0.1453125
0 0.48828125 0.3875 0.203125 0.10625
0 0.23125 0.35703125 0.278125 0.0953125
0 0.515625 0.1203125 0.1140625 0.0625
2 0.19609375 0.87734375 0.10625 0.0734375
2 0.1203125 0.20703125 0.1796875 0.103125
1 0.6328125 0.30546875 0.078125 0.0625
1 0.67265625 0.4375 0.0375 0.0703125
1 0.0359375 0.35390625 0.025 0.1078125
5 0.29453125 0.85546875 0.03125 0.028125
3 0.67890625 0.78984375 0.128125 0.090625
3 0.746875 0.43671875 0.0796875 0.065625
3 0.70390625 0.29375 0.125 0.10625
3 0.13125 0.06875 0.0875 0.0703125
3 0.6984375 0.2109375 0.071875 0.03125
3 0.1359375 0.9296875 0.128125 0.0546875
0 0.9015625 0.44609375 0.121875 0.059375
0 0.8859375 0.25546875 0.0796875 0.0515625
0 0.9015625 0.64609375 0.071875 0.0625
0 0.8875 0.771875 0.0203125 0.0390625
0 0.4046875 0.978125 0.1125 0.04375
0 0.49140625 0.93671875 0.0625 0.0375