4 0.5890625 0.39296875 0.0765625 0.17734375
4 0.2546875 0.41640625 0.0921875 0.16640625
4 0.8125 0.4234375 0.08125 0.1171875
4 0.11796875 0.4359375 0.059375 0.15859375
4 0.5140625 0.50546875 0.1015625 0.41171875
4 0.06640625 0.634375 0.040625 0.14296875
4 0.16875 0.7421875 0.0828125 0.20859375
4 0.56953125 0.15625 0.05 0.109375
4 0.315625 0.203125 0.0515625 0.08828125
4 0.74609375 0.21640625 0.059375 0.09375
4 0.19765625 0.2421875 0.05 0.078125
0 0.425 0.765625 0.1578125 0.23671875
0 0.6078125 0.76328125 0.14375 0.21328125
0 0.9 0.6546875 0.090625 0.1640625
0 0.9609375 0.640625 0.0328125 0.125
0 0.28203125 0.5296875 0.11875 0.17421875
0 0.3609375 0.12890625 0.040625 0.08359375
0 0.24375 0.140625 0.0359375 0.03671875
0 0.07421875 0.521875 0.0296875 0.06015625
0 0.6078125 0.49609375 0.0984375 0.18515625
0 0.72109375 0.13671875 0.040625 0.0703125
0 0.24765625 0.7125 0.0859375 0.19765625
2 0.7625 0.84765625 0.103125 0.16171875
2 0.14609375 0.77578125 0.065625 0.08828125
3 0.67578125 0.2984375 0.0734375 0.12265625
3 0.22734375 0.33046875 0.08125 0.11484375
3 0.10390625 0.82265625 0.0609375 0.1328125
3 0.709375 0.21875 0.0453125 0.06015625
5 0.7453125 0.75390625 0.028125 0.03125
1 0.6703125 0.3765625 0.0578125 0.08046875
1 0.6296875 0.91796875 0.1 0.0234375
3 0.89609375 0.8375 0.0625 0.09375
1 0.55546875 0.334375 0.059375 0.03359375
3 0.55625 0.27109375 0.0640625 0.07578125
0 0.540625 0.10390625 0.0515625 0.08359375
3 0.76171875 0.30625 0.0390625 0.0859375