4 0.60234375 0.384375 0.090625 0.13828125
4 0.81171875 0.4140625 0.0765625 0.13515625
4 0.2515625 0.41796875 0.0828125 0.15390625
4 0.11015625 0.45859375 0.065625 0.10390625
4 0.0671875 0.59375 0.0359375 0.13515625
4 0.22265625 0.62890625 0.115625 0.20078125
4 0.89140625 0.71484375 0.0859375 0.18515625
4 0.56875 0.15859375 0.0453125 0.109375
4 0.74140625 0.21640625 0.059375 0.10390625
0 0.42734375 0.76328125 0.1609375 0.22890625
0 0.60625 0.76015625 0.1421875 0.22421875
0 0.26484375 0.75546875 0.1359375 0.140625
0 0.284375 0.52890625 0.1109375 0.18984375
0 0.046875 0.55703125 0.0390625 0.0859375
0 0.05703125 0.6703125 0.0375 0.10703125
0 0.17890625 0.25625 0.0453125 0.05703125
0 0.35859375 0.1265625 0.0515625 0.08359375
0 0.246875 0.14453125 0.034375 0.0390625
0 0.7203125 0.13828125 0.0375 0.07265625
0 0.82890625 0.478125 0.0453125 0.0390625
0 0.60078125 0.5 0.1078125 0.18203125
0 0.89375 0.60546875 0.0703125 0.06015625
0 0.959375 0.65234375 0.05 0.11953125
2 0.76640625 0.84765625 0.1046875 0.15625
2 0.15078125 0.7734375 0.06875 0.09609375
1 0.6734375 0.38125 0.0609375 0.08359375
1 0.55390625 0.33828125 0.071875 0.03359375
1 0.6375 0.915625 0.090625 0.0234375
5 0.74765625 0.75625 0.0328125 0.03125
3 0.23125 0.3296875 0.08125 0.1171875
3 0.55625 0.27109375 0.0703125 0.08046875
3 0.68359375 0.30703125 0.103125 0.1171875
3 0.1046875 0.82578125 0.06875 0.13515625
3 0.7609375 0.3046875 0.046875 0.0859375