4 0.4109375 0.39296875 0.0765625 0.178125
4 0.7453125 0.41640625 0.0921875 0.165625
4 0.1875 0.4234375 0.08125 0.1171875
4 0.88203125 0.4359375 0.059375 0.159375
4 0.4859375 0.50546875 0.1015625 0.4125
4 0.93359375 0.634375 0.040625 0.14375
4 0.83125 0.7421875 0.0828125 0.209375
4 0.43046875 0.15625 0.05 0.109375
4 0.684375 0.203125 0.0515625 0.0875
4 0.25390625 0.21640625 0.059375 0.09375
4 0.80234375 0.2421875 0.05 0.078125
0 0.575 0.765625 0.1578125 0.2375
0 0.3921875 0.76328125 0.14375 0.2125
0 0.1 0.6546875 0.090625 0.1640625
0 0.0390625 0.640625 0.0328125 0.125
0 0.71796875 0.5296875 0.11875 0.175
0 0.6390625 0.12890625 0.040625 0.084375
0 0.75625 0.140625 0.0359375 0.0375
0 0.92578125 0.521875 0.0296875 0.059375
0 0.3921875 0.49609375 0.0984375 0.184375
0 0.27890625 0.13671875 0.040625 0.0703125
0 0.75234375 0.7125 0.0859375 0.196875
2 0.2375 0.84765625 0.103125 0.1625
2 0.85390625 0.77578125 0.065625 0.0875
3 0.32421875 0.2984375 0.0734375 0.121875
3 0.77265625 0.33046875 0.08125 0.115625
3 0.89609375 0.82265625 0.0609375 0.1328125
3 0.290625 0.21875 0.0453125 0.059375
5 0.2546875 0.75390625 0.028125 0.03125
1 0.3296875 0.3765625 0.0578125 0.08125
1 0.3703125 0.91796875 0.1 0.0234375
3 0.10390625 0.8375 0.0625 0.09375
1 0.44453125 0.334375 0.059375 0.034375
3 0.44375 0.27109375 0.0640625 0.075
0 0.459375 0.10390625 0.0515625 0.084375
3 0.23828125 0.30625 0.0390625 0.0859375