4 0.61171875 0.41796875 0.1125 0.1640625
4 0.815625 0.421875 0.084375 0.11953125
4 0.1 0.45859375 0.0546875 0.10390625
4 0.05859375 0.63671875 0.040625 0.1328125
4 0.90234375 0.6953125 0.0890625 0.14609375
4 0.165625 0.74375 0.0921875 0.20546875
4 0.70234375 0.7796875 0.121875 0.18984375
4 0.58515625 0.171875 0.06875 0.10390625
4 0.43515625 0.21640625 0.065625 0.29140625
4 0.74296875 0.2171875 0.05625 0.09140625
4 0.1984375 0.24609375 0.0484375 0.0859375
0 0.43359375 0.77578125 0.1765625 0.26796875
0 0.23671875 0.728125 0.1140625 0.22109375
0 0.2890625 0.525 0.128125 0.19296875
0 0.59765625 0.5 0.1046875 0.1875
0 0.6328125 0.73984375 0.0890625 0.25234375
0 0.87890625 0.61875 0.090625 0.09609375
0 0.96015625 0.65 0.0453125 0.10390625
0 0.71953125 0.14453125 0.0578125 0.08828125
0 0.55 0.1234375 0.0703125 0.109375
0 0.3640625 0.134375 0.053125 0.109375
0 0.24453125 0.14453125 0.034375 0.0234375
1 0.63359375 0.91953125 0.1 0.02109375
2 0.76328125 0.8515625 0.1125 0.13046875
2 0.15 0.771875 0.05625 0.09375
1 0.6734375 0.3734375 0.059375 0.08828125
1 0.55859375 0.334375 0.075 0.03359375
3 0.2359375 0.3265625 0.0984375 0.1171875
3 0.55546875 0.275 0.0734375 0.078125
3 0.678125 0.3046875 0.1 0.11953125
3 0.76171875 0.30625 0.0328125 0.08046875
3 0.89375 0.8359375 0.05625 0.0859375
3 0.09765625 0.82265625 0.053125 0.12734375
5 0.16640625 0.83984375 0.0234375 0.03125