4 0.6 0.3921875 0.0859375 0.1640625
4 0.80234375 0.41171875 0.0734375 0.15625
4 0.11640625 0.4390625 0.059375 0.1171875
4 0.3109375 0.4921875 0.1484375 0.39609375
4 0.06015625 0.6578125 0.03125 0.12265625
4 0.9015625 0.6875 0.084375 0.15078125
4 0.23046875 0.70078125 0.0875 0.21328125
4 0.71171875 0.7734375 0.15 0.16640625
4 0.58203125 0.171875 0.06875 0.109375
4 0.31484375 0.203125 0.06875 0.09921875
4 0.7453125 0.22109375 0.0609375 0.078125
4 0.19375 0.2421875 0.0453125 0.08359375
0 0.43046875 0.7671875 0.1640625 0.24453125
0 0.64140625 0.74453125 0.1265625 0.27578125
0 0.59140625 0.490625 0.153125 0.22109375
0 0.28359375 0.74375 0.1125 0.22109375
0 0.0453125 0.578125 0.0734375 0.12734375
0 0.09609375 0.4984375 0.0671875 0.08046875
0 0.36640625 0.12734375 0.0765625 0.11171875
0 0.54375 0.13125 0.0734375 0.125
0 0.71953125 0.13828125 0.0703125 0.10703125
0 0.83671875 0.4828125 0.0765625 0.09140625
0 0.88828125 0.6265625 0.084375 0.125
0 0.9578125 0.6421875 0.0765625 0.10390625
1 0.63359375 0.9125 0.1125 0.03359375
1 0.15 0.6625 0.0546875 0.11953125
1 0.67109375 0.37734375 0.071875 0.1171875
1 0.55859375 0.33359375 0.084375 0.04140625
2 0.76484375 0.84765625 0.115625 0.15625
2 0.159375 0.76796875 0.0875 0.1015625
5 0.1703125 0.678125 0.0296875 0.03671875
5 0.21640625 0.44140625 0.021875 0.04140625
3 0.23203125 0.33203125 0.0828125 0.14609375
3 0.090625 0.79921875 0.084375 0.1875
3 0.67578125 0.30859375 0.1015625 0.11953125
3 0.559375 0.27890625 0.0921875 0.10703125
3 0.89140625 0.828125 0.0703125 0.125