4 0.5953125 0.36328125 0.1171875 0.15390625
4 0.20390625 0.384375 0.06875 0.1640625
4 0.85234375 0.38671875 0.0921875 0.15390625
4 0.725 0.79296875 0.115625 0.23671875
4 0.7390625 0.0875 0.053125 0.08046875
4 0.7640625 0.14609375 0.0609375 0.09375
4 0.46953125 0.1953125 0.090625 0.35390625
4 0.40703125 0.25390625 0.0875 0.45546875
0 0.4265625 0.5390625 0.165625 0.3515625
0 0.20390625 0.69140625 0.2109375 0.27890625
0 0.24140625 0.45859375 0.1125 0.22890625
0 0.67265625 0.7796875 0.115625 0.25546875
0 0.94375 0.68203125 0.109375 0.16171875
0 0.5578125 0.1109375 0.05 0.125
0 0.165625 0.14453125 0.028125 0.05234375
0 0.1953125 0.06796875 0.053125 0.02890625
3 0.69375 0.25234375 0.084375 0.12734375
3 0.55703125 0.22421875 0.0765625 0.078125
3 0.16875 0.27578125 0.0828125 0.12734375
3 0.9453125 0.88125 0.065625 0.12734375
3 0.79296875 0.2578125 0.0328125 0.10390625
1 0.66640625 0.3265625 0.071875 0.08046875
1 0.59609375 0.29453125 0.071875 0.046875
1 0.64296875 0.95078125 0.1203125 0.04453125
5 0.1578125 0.421875 0.021875 0.015625
2 0.803125 0.896875 0.1203125 0.140625
5 0.71875 0.415625 0.028125 0.03125