4 0.39921875 0.6 0.18125 0.09375
4 0.4171875 0.2546875 0.1546875 0.0875
4 0.4296875 0.8109375 0.140625 0.09375
4 0.43828125 0.1125 0.134375 0.053125
4 0.63359375 0.06015625 0.13125 0.0375
4 0.76171875 0.165625 0.19375 0.084375
4 0.17109375 0.5703125 0.121875 0.046875
4 0.20390625 0.3109375 0.1 0.0515625
4 0.21875 0.74296875 0.096875 0.05625
4 0.24609375 0.19375 0.0734375 0.0390625
4 0.2578125 0.1171875 0.0875 0.04375
0 0.775 0.42734375 0.240625 0.159375
0 0.76796875 0.6078125 0.228125 0.134375
0 0.74375 0.23984375 0.178125 0.096875
0 0.53125 0.28203125 0.18125 0.11875
0 0.5265625 0.078125 0.05 0.0390625
0 0.4921875 0.59609375 0.19375 0.13125
0 0.65078125 0.9 0.1515625 0.0890625
0 0.64921875 0.96328125 0.096875 0.0421875
0 0.14296875 0.72578125 0.065625 0.0453125
0 0.128125 0.3671875 0.0734375 0.0515625
0 0.146875 0.24375 0.028125 0.0359375
2 0.85234375 0.76875 0.1625 0.1078125
2 0.77734375 0.14296875 0.075 0.059375
3 0.83515625 0.10234375 0.128125 0.0578125
3 0.2765625 0.5546875 0.065625 0.071875
3 0.30234375 0.675 0.10625 0.075
3 0.840625 0.896875 0.0703125 0.05625
3 0.3046875 0.7625 0.0703125 0.0359375
3 0.3296875 0.23046875 0.115625 0.08125
5 0.7578125 0.7484375 0.034375 0.0328125
1 0.92265625 0.6296875 0.028125 0.1
1 0.38125 0.6734375 0.0703125 0.0578125
1 0.34453125 0.55390625 0.0234375 0.059375