4 0.4234375 0.61796875 0.16875 0.115625
4 0.428125 0.828125 0.121875 0.0875
4 0.465625 0.09140625 0.10625 0.05625
4 0.6484375 0.04921875 0.1375 0.0421875
4 0.70859375 0.9171875 0.15 0.0921875
4 0.7578125 0.159375 0.2109375 0.09375
4 0.7953125 0.71171875 0.1953125 0.1265625
4 0.17109375 0.590625 0.10625 0.071875
4 0.21640625 0.43671875 0.3 0.0671875
4 0.21796875 0.753125 0.09375 0.0578125
4 0.24765625 0.19296875 0.0875 0.05
0 0.79140625 0.43515625 0.275 0.18125
0 0.7421875 0.23203125 0.228125 0.1171875
0 0.53359375 0.2859375 0.196875 0.13125
0 0.5078125 0.60390625 0.1921875 0.1078125
0 0.75390625 0.63984375 0.259375 0.090625
0 0.6296875 0.89296875 0.1 0.09375
0 0.66171875 0.9765625 0.10625 0.046875
0 0.14296875 0.72890625 0.090625 0.059375
0 0.121875 0.5546875 0.1125 0.071875
0 0.13203125 0.36328125 0.1125 0.0546875
0 0.14296875 0.240625 0.025 0.034375
1 0.93828125 0.640625 0.021875 0.103125
2 0.86875 0.77421875 0.134375 0.115625
2 0.7875 0.14296875 0.096875 0.0578125
1 0.378125 0.68203125 0.090625 0.0609375
1 0.33828125 0.56328125 0.034375 0.078125
3 0.33046875 0.23125 0.1203125 0.1015625
3 0.2765625 0.56015625 0.08125 0.075
3 0.3078125 0.68671875 0.121875 0.103125
3 0.30859375 0.77265625 0.0828125 0.034375
3 0.853125 0.90859375 0.0875 0.0578125
3 0.83984375 0.0890625 0.13125 0.0546875
5 0.85703125 0.16015625 0.03125 0.025