4 0.58203125 0.39453125 0.09375 0.12265625
4 0.81015625 0.4296875 0.0765625 0.109375
4 0.26484375 0.4375 0.08125 0.13046875
4 0.1140625 0.46328125 0.0421875 0.09375
4 0.8671875 0.63046875 0.08125 0.19765625
4 0.0546875 0.65859375 0.0453125 0.13046875
4 0.6609375 0.7515625 0.1140625 0.23671875
4 0.1890625 0.7640625 0.0828125 0.23671875
4 0.58046875 0.1796875 0.05625 0.08828125
4 0.309375 0.196875 0.0515625 0.09609375
4 0.74765625 0.21875 0.059375 0.078125
4 0.19375 0.24609375 0.0359375 0.06484375
0 0.36640625 0.7515625 0.18125 0.24765625
0 0.58125 0.515625 0.109375 0.15078125
0 0.28125 0.4921875 0.0890625 0.18984375
0 0.075 0.50234375 0.084375 0.109375
0 0.2390625 0.7359375 0.075 0.23671875
0 0.41875 0.21328125 0.0765625 0.16953125
0 0.5453125 0.1 0.053125 0.0625
0 0.7203125 0.16640625 0.0609375 0.08828125
0 0.8203125 0.45703125 0.0734375 0.0859375
0 0.9421875 0.6328125 0.0953125 0.125
0 0.89140625 0.70078125 0.090625 0.10390625
0 0.61875 0.73046875 0.1015625 0.25
0 0.23515625 0.16796875 0.0421875 0.0703125
0 0.55859375 0.16796875 0.03125 0.04921875
1 0.63203125 0.91640625 0.103125 0.02890625
1 0.378125 0.9125 0.0953125 0.03125
1 0.6453125 0.36953125 0.0609375 0.07265625
1 0.5796875 0.34375 0.071875 0.03125
1 0.25234375 0.3890625 0.053125 0.06015625
2 0.74296875 0.828125 0.1125 0.140625
5 0.165625 0.7875 0.0296875 0.0546875
5 0.7015625 0.79140625 0.0375 0.04140625
3 0.55625 0.28125 0.06875 0.08359375
3 0.6734375 0.30625 0.0703125 0.109375
3 0.22578125 0.328125 0.08125 0.11484375
3 0.11796875 0.8046875 0.065625 0.13828125
3 0.7625 0.3125 0.040625 0.09921875
5 0.221875 0.44140625 0.0203125 0.03125
3 0.890625 0.84375 0.0734375 0.12265625