4 0.39921875 0.58125 0.128125 0.1
4 0.428125 0.2609375 0.15 0.090625
4 0.428125 0.80859375 0.128125 0.084375
4 0.465625 0.11640625 0.109375 0.0484375
4 0.63359375 0.871875 0.2 0.08125
4 0.659375 0.0546875 0.140625 0.0453125
4 0.75546875 0.66171875 0.221875 0.11875
4 0.7671875 0.18828125 0.240625 0.0875
4 0.17421875 0.5828125 0.090625 0.05625
4 0.19609375 0.30703125 0.0890625 0.053125
4 0.2171875 0.74296875 0.06875 0.059375
4 0.24453125 0.18984375 0.0546875 0.0375
0 0.75546875 0.3640625 0.2515625 0.178125
0 0.5 0.27890625 0.184375 0.09375
0 0.509375 0.584375 0.140625 0.10625
0 0.7359375 0.6171875 0.240625 0.084375
0 0.70390625 0.9 0.0734375 0.08125
0 0.63125 0.9515625 0.1125 0.0890625
0 0.2109375 0.4234375 0.1671875 0.08125
0 0.1609375 0.728125 0.0625 0.0734375
0 0.12421875 0.54921875 0.1046875 0.05625
0 0.46484375 0.8296875 0.084375 0.0578125
1 0.36796875 0.64921875 0.0703125 0.059375
1 0.346875 0.58125 0.0390625 0.071875
1 0.9171875 0.6328125 0.0265625 0.1015625
1 0.9203125 0.371875 0.03125 0.065625
5 0.79296875 0.16171875 0.04375 0.0203125
5 0.35078125 0.534375 0.028125 0.0140625
3 0.33125 0.2296875 0.121875 0.084375
3 0.28046875 0.5578125 0.06875 0.0609375
3 0.30390625 0.67734375 0.109375 0.075
3 0.3046875 0.7625 0.0703125 0.0328125
3 0.84296875 0.89609375 0.084375 0.065625
2 0.82890625 0.746875 0.15 0.109375