4 0.28828125 0.33359375 0.13125 0.43203125
4 0.62109375 0.353125 0.1125 0.1953125
4 0.2046875 0.3671875 0.0890625 0.125
4 0.8515625 0.3828125 0.096875 0.15625
4 0.175 0.48828125 0.2015625 0.37265625
4 0.7078125 0.8046875 0.1078125 0.21875
4 0.734375 0.08359375 0.059375 0.07265625
4 0.76171875 0.14609375 0.06875 0.09921875
0 0.42890625 0.5296875 0.1546875 0.359375
0 0.1828125 0.73203125 0.2 0.25546875
0 0.6734375 0.79140625 0.121875 0.28125
0 0.6203125 0.52578125 0.134375 0.18203125
0 0.93828125 0.64609375 0.0984375 0.23203125
0 0.1625 0.1421875 0.028125 0.04921875
0 0.19296875 0.06796875 0.0390625 0.03359375
0 0.54609375 0.0625 0.04375 0.08359375
3 0.55546875 0.22265625 0.06875 0.09921875
3 0.69375 0.24609375 0.0828125 0.12734375
3 0.0421875 0.8109375 0.0578125 0.1171875
3 0.9515625 0.8828125 0.0671875 0.11484375
3 0.1671875 0.28125 0.0859375 0.14609375
3 0.79453125 0.25625 0.0359375 0.1015625
1 0.675 0.33203125 0.053125 0.0625
1 0.590625 0.2953125 0.0765625 0.0390625
1 0.64140625 0.9546875 0.115625 0.04140625
5 0.75234375 0.86328125 0.0359375 0.04140625
2 0.19296875 0.478125 0.084375 0.16171875
2 0.80390625 0.89609375 0.1296875 0.16171875
5 0.7171875 0.4140625 0.0171875 0.02890625