4 0.41015625 0.38828125 0.1640625 0.10625
4 0.41796875 0.753125 0.16875 0.084375
4 0.421875 0.1890625 0.165625 0.078125
4 0.446875 0.9078125 0.14375 0.0453125
4 0.634375 0.97578125 0.121875 0.0484375
4 0.73359375 0.82421875 0.178125 0.0609375
4 0.7390625 0.09296875 0.24375 0.0875
4 0.7953125 0.28828125 0.18125 0.146875
4 0.16640625 0.42109375 0.125 0.0671875
4 0.196875 0.70234375 0.103125 0.059375
4 0.21328125 0.25078125 0.0984375 0.0671875
4 0.25 0.82578125 0.0953125 0.053125
0 0.790625 0.57734375 0.2625 0.184375
0 0.76875 0.34921875 0.28125 0.146875
0 0.4984375 0.40390625 0.2296875 0.1265625
0 0.5078125 0.17265625 0.15 0.1125
0 0.63515625 0.09765625 0.128125 0.078125
0 0.6640625 0.02734375 0.153125 0.053125
0 0.7578125 0.76796875 0.23125 0.10625
0 0.49453125 0.74765625 0.225 0.103125
0 0.571875 0.96171875 0.1 0.0765625
0 0.49765625 0.9234375 0.08125 0.0671875
0 0.12578125 0.65390625 0.10625 0.0546875
0 0.140625 0.77109375 0.0515625 0.0484375
0 0.128125 0.45625 0.1421875 0.0734375
0 0.13515625 0.2765625 0.0984375 0.05625
1 0.9453125 0.37109375 0.0296875 0.11875
1 0.38515625 0.32734375 0.090625 0.0671875
1 0.34140625 0.446875 0.0328125 0.075
2 0.7953125 0.871875 0.1 0.0890625
2 0.87578125 0.221875 0.16875 0.0984375
3 0.33203125 0.7890625 0.128125 0.0859375
3 0.83046875 0.94453125 0.19375 0.05625
3 0.27421875 0.4484375 0.1 0.084375
3 0.31171875 0.31953125 0.1421875 0.0953125
3 0.86328125 0.09765625 0.13125 0.0703125
5 0.86875 0.85546875 0.046875 0.0390625
5 0.45234375 0.80390625 0.0328125 0.03125