4 0.353125 0.65546875 0.153125 0.1
4 0.38671875 0.88828125 0.15 0.0859375
4 0.390625 0.265625 0.171875 0.0921875
4 0.4359375 0.10859375 0.115625 0.071875
4 0.5875 0.0609375 0.15 0.040625
4 0.6265625 0.23359375 0.225 0.128125
4 0.72265625 0.9640625 0.20625 0.071875
4 0.1015625 0.61796875 0.121875 0.05
4 0.165625 0.81015625 0.115625 0.065625
0 0.77578125 0.4609375 0.25625 0.178125
0 0.7734375 0.659375 0.25 0.1578125
0 0.7671875 0.28046875 0.15625 0.15
0 0.51484375 0.30234375 0.2125 0.1234375
0 0.546875 0.03828125 0.096875 0.04375
0 0.67265625 0.04921875 0.11875 0.040625
0 0.2109375 0.18515625 0.0640625 0.05
0 0.065625 0.384375 0.09375 0.05625
0 0.0859375 0.26015625 0.04375 0.0375
0 0.078125 0.78671875 0.08125 0.040625
0 0.4578125 0.90703125 0.04375 0.05
0 0.4828125 0.65390625 0.203125 0.11875
0 0.6 0.96953125 0.0671875 0.0609375
2 0.8703125 0.8375 0.175 0.1171875
2 0.7875 0.15390625 0.1078125 0.0765625
1 0.35 0.734375 0.09375 0.06875
1 0.30234375 0.6015625 0.0375 0.0796875
1 0.94609375 0.69453125 0.025 0.1
5 0.76875 0.8171875 0.034375 0.0359375
3 0.2921875 0.24296875 0.13125 0.090625
3 0.2265625 0.60390625 0.090625 0.078125
3 0.2671875 0.7453125 0.13125 0.115625
3 0.84609375 0.10234375 0.15 0.0765625
3 0.26484375 0.83125 0.096875 0.053125