4 0.378125 0.38203125 0.1703125 0.16875
4 0.7484375 0.39609375 0.0828125 0.140625
4 0.1484375 0.4203125 0.09375 0.121875
4 0.9 0.45390625 0.0421875 0.0984375
4 0.9609375 0.65703125 0.0421875 0.146875
4 0.0515625 0.7078125 0.0859375 0.175
4 0.82265625 0.74453125 0.109375 0.190625
4 0.30625 0.78203125 0.13125 0.2671875
4 0.38984375 0.14453125 0.071875 0.103125
4 0.696875 0.165625 0.0578125 0.0953125
4 0.21953125 0.18671875 0.065625 0.0875
4 0.82265625 0.21328125 0.034375 0.05625
0 0.628125 0.76796875 0.196875 0.275
0 0.73671875 0.49453125 0.1046875 0.190625
0 0.94921875 0.5 0.078125 0.1
0 0.778125 0.73046875 0.1265625 0.2109375
0 0.56875 0.1828125 0.090625 0.184375
0 0.4375 0.09296875 0.0609375 0.121875
0 0.25078125 0.1265625 0.059375 0.1
0 0.02890625 0.63046875 0.0578125 0.14375
1 0.3390625 0.93984375 0.1125 0.0375
1 0.62109375 0.940625 0.09375 0.0375
1 0.3265625 0.35 0.071875 0.075
1 0.3984375 0.32734375 0.075 0.0375
3 0.77890625 0.31328125 0.0828125 0.121875
3 0.42265625 0.26015625 0.06875 0.078125
3 0.29609375 0.28359375 0.0796875 0.1234375
3 0.05234375 0.859375 0.071875 0.0984375
3 0.20078125 0.28359375 0.034375 0.0953125
3 0.89609375 0.82265625 0.0578125 0.134375
2 0.21171875 0.85234375 0.1078125 0.14375
5 0.84375 0.78828125 0.0234375 0.034375