4 0.26875 0.39609375 0.0671875 0.14609375
4 0.5984375 0.4125 0.0890625 0.16953125
4 0.80546875 0.4140625 0.0703125 0.14609375
4 0.8875 0.421875 0.103125 0.25546875
4 0.1140625 0.43359375 0.0484375 0.14296875
4 0.22734375 0.4765625 0.096875 0.25546875
4 0.0578125 0.65859375 0.0359375 0.15078125
4 0.89765625 0.6953125 0.0859375 0.15625
4 0.70546875 0.77109375 0.128125 0.18203125
4 0.58203125 0.17421875 0.0625 0.11484375
4 0.74375 0.21484375 0.0609375 0.09140625
4 0.2 0.23671875 0.0484375 0.07265625
0 0.4171875 0.78125 0.1578125 0.2109375
0 0.2703125 0.640625 0.125 0.16953125
0 0.27890625 0.46640625 0.096875 0.16953125
0 0.5984375 0.484375 0.103125 0.20546875
0 0.6359375 0.7421875 0.1015625 0.265625
0 0.85546875 0.484375 0.040625 0.0546875
3 0.55546875 0.2671875 0.0671875 0.06796875
3 0.6734375 0.29921875 0.0734375 0.1015625
3 0.10078125 0.82265625 0.0546875 0.11484375
3 0.8890625 0.83203125 0.065625 0.08046875
3 0.23203125 0.32421875 0.0890625 0.10390625
3 0.7609375 0.30625 0.0328125 0.08046875
1 0.671875 0.37890625 0.05625 0.07578125
1 0.55703125 0.3375 0.065625 0.03359375
1 0.63828125 0.91640625 0.0859375 0.0234375
2 0.15078125 0.771875 0.0703125 0.0859375
2 0.76171875 0.8421875 0.1015625 0.15390625
5 0.17109375 0.68125 0.0171875 0.03359375
5 0.61875 0.40625 0.0171875 0.03671875