4 0.63671875 0.42578125 0.228125 0.146875
4 0.62421875 0.85078125 0.1875 0.109375
4 0.59765625 0.1484375 0.15 0.1
4 0.296875 0.04609375 0.203125 0.090625
4 0.18671875 0.28046875 0.2375 0.15625
4 0.8671875 0.2421875 0.10625 0.071875
4 0.834375 0.13203125 0.1609375 0.075
0 0.11328125 0.69765625 0.178125 0.1765625
0 0.209375 0.88984375 0.228125 0.1234375
0 0.52265625 0.834375 0.24375 0.125
0 0.484375 0.4359375 0.209375 0.1203125
0 0.90703125 0.5078125 0.1578125 0.09375
0 0.959375 0.8671875 0.0375 0.046875
0 0.85625 0.91875 0.05 0.05
0 0.95078125 0.584375 0.0984375 0.03125
1 0.675 0.353125 0.08125 0.0765625
1 0.709375 0.4625 0.046875 0.053125
1 0.01171875 0.384375 0.0234375 0.134375
2 0.08046875 0.21875 0.1609375 0.13125
5 0.5703125 0.29921875 0.0375 0.025
3 0.76015625 0.3234375 0.1328125 0.090625
3 0.79765625 0.4765625 0.0875 0.0796875
3 0.734375 0.890625 0.1578125 0.0984375