4 0.59765625 0.39453125 0.0875 0.17421875
4 0.25703125 0.4140625 0.0875 0.16171875
4 0.8125 0.42578125 0.08125 0.12734375
4 0.09765625 0.4609375 0.05625 0.09921875
4 0.06171875 0.63828125 0.03125 0.13515625
4 0.1671875 0.75234375 0.0921875 0.1875
4 0.453125 0.1265625 0.0390625 0.1171875
4 0.5703125 0.1625 0.0421875 0.11171875
4 0.31171875 0.2015625 0.05625 0.09140625
4 0.74296875 0.2171875 0.059375 0.09140625
4 0.1953125 0.24609375 0.0546875 0.07578125
0 0.42890625 0.771875 0.1640625 0.25
0 0.61015625 0.76328125 0.1390625 0.22421875
0 0.89609375 0.6546875 0.0890625 0.15078125
0 0.96171875 0.64296875 0.0421875 0.09375
0 0.8265625 0.47421875 0.0515625 0.03671875
0 0.603125 0.490625 0.1140625 0.20078125
0 0.72265625 0.1390625 0.0515625 0.06484375
0 0.5484375 0.11953125 0.05625 0.09921875
0 0.36953125 0.13046875 0.05625 0.0859375
0 0.24609375 0.14609375 0.0453125 0.03359375
0 0.08671875 0.53515625 0.05 0.046875
0 0.24453125 0.73828125 0.0984375 0.17421875
2 0.7640625 0.84921875 0.1046875 0.16171875
2 0.14921875 0.775 0.0640625 0.0859375
5 0.7453125 0.75546875 0.0359375 0.03671875
3 0.55546875 0.27109375 0.0703125 0.07578125
3 0.6734375 0.30859375 0.0890625 0.11953125
3 0.23046875 0.328125 0.084375 0.11953125
3 0.11015625 0.82578125 0.06875 0.11953125
3 0.76328125 0.30234375 0.04375 0.08828125
1 0.634375 0.9125 0.109375 0.03359375
1 0.671875 0.37734375 0.065625 0.08046875
1 0.55546875 0.3375 0.0703125 0.0390625
3 0.0828125 0.6078125 0.0359375 0.15078125