4 0.40859375 0.3984375 0.18125 0.084375
4 0.4390625 0.759375 0.165625 0.09375
4 0.4390625 0.1703125 0.14375 0.090625
4 0.47109375 0.91953125 0.125 0.046875
4 0.67109375 0.96875 0.159375 0.0484375
4 0.7640625 0.83203125 0.21875 0.1109375
4 0.80546875 0.28515625 0.2125 0.14375
4 0.16875 0.4265625 0.115625 0.06875
4 0.20546875 0.696875 0.090625 0.0625
4 0.22890625 0.2453125 0.09375 0.0625
4 0.259375 0.82421875 0.078125 0.0578125
0 0.8203125 0.571875 0.284375 0.19375
0 0.7828125 0.3578125 0.284375 0.15625
0 0.69765625 0.08203125 0.2 0.109375
0 0.68828125 0.01875 0.1640625 0.0375
0 0.5109375 0.15390625 0.0875 0.0734375
0 0.5140625 0.39765625 0.234375 0.14375
0 0.14765625 0.265625 0.090625 0.05625
0 0.11640625 0.4453125 0.0875 0.0875
0 0.13671875 0.64375 0.1046875 0.0921875
0 0.5609375 0.734375 0.2 0.1359375
0 0.75 0.77421875 0.265625 0.1453125
0 0.55 0.93515625 0.06875 0.078125
0 0.59375 0.97109375 0.0875 0.0578125
0 0.703125 0.97578125 0.11875 0.0484375
1 0.9625 0.3609375 0.040625 0.128125
1 0.39609375 0.31796875 0.096875 0.0765625
1 0.35390625 0.44296875 0.046875 0.084375
2 0.88515625 0.221875 0.184375 0.11875
3 0.8546875 0.93125 0.2 0.090625
3 0.34375 0.78359375 0.134375 0.0984375
3 0.29296875 0.4453125 0.1046875 0.096875
3 0.334375 0.3015625 0.1625 0.125
5 0.7984375 0.2359375 0.040625 0.046875
3 0.8953125 0.08671875 0.1125 0.084375
2 0.8109375 0.86875 0.125 0.0875