4 0.3625 0.609375 0.159375 0.121875
4 0.384375 0.2 0.171875 0.071875
4 0.3875 0.878125 0.159375 0.096875
4 0.8109375 0.7453125 0.246875 0.121875
4 0.075 0.76015625 0.084375 0.05625
4 0.1359375 0.7859375 0.096875 0.0640625
4 0.1875 0.478125 0.36875 0.09375
4 0.2484375 0.4125 0.475 0.090625
0 0.54609375 0.4328125 0.3671875 0.1734375
0 0.70546875 0.2 0.290625 0.2203125
0 0.46171875 0.2390625 0.2390625 0.11875
0 0.79765625 0.690625 0.265625 0.121875
0 0.6953125 0.9578125 0.16875 0.084375
0 0.09921875 0.5703125 0.13125 0.053125
0 0.134375 0.16015625 0.0546875 0.0296875
0 0.0546875 0.19140625 0.0296875 0.05625
3 0.24765625 0.7125 0.1328125 0.0875
3 0.2171875 0.56953125 0.08125 0.0796875
3 0.271875 0.16328125 0.1328125 0.0875
3 0.90390625 0.9703125 0.1328125 0.059375
3 0.25234375 0.81640625 0.109375 0.034375
1 0.325 0.68359375 0.084375 0.075
1 0.290625 0.61015625 0.05 0.075
1 0.97578125 0.659375 0.046875 0.125
5 0.42421875 0.15234375 0.015625 0.021875
2 0.91953125 0.8265625 0.146875 0.1265625
5 0.4171875 0.73828125 0.0328125 0.0296875