4 0.3796875 0.3703125 0.178125 0.1125
4 0.40078125 0.16328125 0.1875 0.078125
4 0.40234375 0.7578125 0.171875 0.0921875
4 0.46015625 0.9734375 0.190625 0.053125
4 0.659375 0.9828125 0.140625 0.034375
4 0.7359375 0.8296875 0.178125 0.0703125
4 0.73828125 0.0515625 0.275 0.1
4 0.7859375 0.26640625 0.175 0.146875
4 0.13203125 0.40546875 0.1203125 0.0703125
4 0.1640625 0.70546875 0.1265625 0.065625
4 0.18125 0.23046875 0.096875 0.0671875
4 0.2109375 0.82734375 0.09375 0.0546875
0 0.7875 0.57421875 0.275 0.1859375
0 0.75546875 0.75703125 0.215625 0.096875
0 0.478125 0.7390625 0.221875 0.096875
0 0.48125 0.3984375 0.2359375 0.128125
0 0.75859375 0.35078125 0.278125 0.109375
0 0.65546875 0.0625 0.178125 0.0828125
0 0.47578125 0.11171875 0.09375 0.0625
0 0.09375 0.25625 0.078125 0.04375
0 0.0703125 0.44140625 0.09375 0.059375
0 0.08203125 0.64609375 0.0890625 0.05
0 0.103125 0.7765625 0.025 0.0375
0 0.55625 0.98125 0.084375 0.0375
2 0.88359375 0.1984375 0.165625 0.1015625
2 0.7859375 0.884375 0.10625 0.0546875
3 0.24140625 0.4359375 0.0921875 0.075
3 0.27890625 0.30078125 0.1296875 0.0859375
3 0.85078125 0.934375 0.1375 0.0625
3 0.3046875 0.79375 0.1296875 0.0953125
1 0.3546875 0.30859375 0.0890625 0.0625
1 0.31484375 0.434375 0.03125 0.075
1 0.95390625 0.3484375 0.021875 0.096875
1 0.86640625 0.06171875 0.0921875 0.0703125
5 0.86953125 0.86015625 0.04375 0.025