4 0.6125 0.40390625 0.1015625 0.15625
4 0.26484375 0.41171875 0.08125 0.16171875
4 0.80234375 0.415625 0.0734375 0.15859375
4 0.1171875 0.4390625 0.0421875 0.13828125
4 0.0484375 0.61875 0.0578125 0.1171875
4 0.196875 0.7125 0.0578125 0.16953125
4 0.89453125 0.7171875 0.0828125 0.23203125
4 0.7078125 0.77109375 0.1390625 0.171875
4 0.58125 0.171875 0.0640625 0.11953125
4 0.31328125 0.20078125 0.05625 0.09921875
4 0.74375 0.21640625 0.0640625 0.09375
4 0.19609375 0.2515625 0.05 0.09140625
0 0.4328125 0.7671875 0.1765625 0.25
0 0.65 0.74609375 0.1390625 0.26796875
0 0.59765625 0.48828125 0.1203125 0.21875
0 0.81796875 0.49765625 0.10625 0.14296875
0 0.88984375 0.61875 0.0734375 0.12265625
0 0.96171875 0.64609375 0.0609375 0.14609375
0 0.25078125 0.7359375 0.1015625 0.22109375
0 0.2703125 0.484375 0.0984375 0.21328125
0 0.0609375 0.56015625 0.0859375 0.09609375
0 0.10234375 0.48671875 0.0640625 0.078125
0 0.359375 0.1328125 0.0515625 0.1015625
0 0.24765625 0.146875 0.0453125 0.04921875
0 0.54765625 0.13515625 0.0703125 0.13515625
0 0.71953125 0.1421875 0.0546875 0.09375
1 0.62890625 0.9140625 0.1125 0.02890625
1 0.67109375 0.38046875 0.0640625 0.0859375
1 0.55703125 0.33828125 0.071875 0.03125
2 0.1515625 0.77109375 0.084375 0.09609375
2 0.77109375 0.84765625 0.09375 0.16171875
3 0.23046875 0.3296875 0.08125 0.12265625
3 0.0828125 0.8046875 0.0546875 0.18515625
3 0.55546875 0.275 0.08125 0.09609375
3 0.678125 0.31015625 0.090625 0.13515625
3 0.88984375 0.8359375 0.0671875 0.125
5 0.1671875 0.84140625 0.0375 0.04453125
5 0.21640625 0.44375 0.0296875 0.03125