4 0.6 0.38203125 0.078125 0.18125
4 0.25546875 0.40625 0.09375 0.171875
4 0.8296875 0.41328125 0.084375 0.1203125
4 0.11484375 0.4265625 0.0609375 0.1625
4 0.52265625 0.49765625 0.1046875 0.421875
4 0.06171875 0.6296875 0.0421875 0.146875
4 0.1671875 0.740625 0.084375 0.2140625
4 0.5796875 0.1390625 0.0515625 0.1125
4 0.31796875 0.1875 0.053125 0.090625
4 0.7609375 0.20078125 0.0609375 0.096875
4 0.196875 0.22734375 0.0515625 0.08125
0 0.43125 0.76484375 0.1625 0.24375
0 0.61875 0.76171875 0.146875 0.21875
0 0.91953125 0.65078125 0.09375 0.16875
0 0.98203125 0.63671875 0.034375 0.128125
0 0.28359375 0.52265625 0.121875 0.178125
0 0.36484375 0.1109375 0.0421875 0.0859375
0 0.24453125 0.12265625 0.0375 0.0375
0 0.0703125 0.51484375 0.03125 0.0625
0 0.61875 0.48828125 0.1015625 0.190625
0 0.73515625 0.11875 0.0421875 0.071875
0 0.2484375 0.71015625 0.0875 0.203125
2 0.778125 0.84921875 0.10625 0.165625
2 0.14375 0.77578125 0.0671875 0.090625
3 0.6890625 0.284375 0.075 0.125
3 0.22734375 0.31796875 0.084375 0.11875
3 0.10078125 0.8234375 0.0625 0.1375
3 0.7234375 0.203125 0.046875 0.0625
5 0.76015625 0.75234375 0.028125 0.03125
1 0.68359375 0.36484375 0.059375 0.0828125
1 0.64140625 0.92109375 0.103125 0.025
3 0.915625 0.83828125 0.0640625 0.096875
1 0.56484375 0.321875 0.0609375 0.034375
3 0.565625 0.25703125 0.065625 0.078125
0 0.55 0.0859375 0.053125 0.0859375
3 0.77734375 0.29296875 0.040625 0.0875