4 0.6703125 0.37890625 0.19375 0.1171875
4 0.61796875 0.13671875 0.134375 0.0921875
4 0.61640625 0.790625 0.2 0.1
4 0.29921875 0.0453125 0.20625 0.090625
4 0.22890625 0.2578125 0.23125 0.13125
4 0.8890625 0.7390625 0.090625 0.0671875
4 0.85703125 0.215625 0.10625 0.06875
0 0.15625 0.646875 0.175 0.1625
0 0.240625 0.82890625 0.228125 0.1078125
0 0.53828125 0.77421875 0.221875 0.134375
0 0.94296875 0.63671875 0.109375 0.071875
0 0.9484375 0.80703125 0.0421875 0.0453125
0 0.8453125 0.853125 0.046875 0.04375
0 0.8890625 0.465625 0.171875 0.0890625
0 0.54609375 0.3953125 0.19375 0.109375
0 0.2265625 0.31484375 0.2828125 0.134375
0 0.453125 0.02109375 0.175 0.0421875
2 0.13359375 0.2046875 0.1875 0.128125
5 0.584375 0.26796875 0.034375 0.01875
5 0.55546875 0.86328125 0.021875 0.021875
1 0.0453125 0.35078125 0.046875 0.121875
1 0.68359375 0.31484375 0.0765625 0.075
1 0.7078125 0.41640625 0.03125 0.053125
3 0.73671875 0.83125 0.1453125 0.0921875
3 0.784375 0.4390625 0.090625 0.075
3 0.75625 0.2984375 0.140625 0.084375
3 0.7515625 0.19921875 0.084375 0.040625
3 0.13203125 0.034375 0.1 0.06875
3 0.18515625 0.95546875 0.11875 0.0671875