4 0.640625 0.6046875 0.2125 0.1375
4 0.62890625 0.20703125 0.1734375 0.103125
4 0.60390625 0.86328125 0.140625 0.09375
4 0.3234375 0.9578125 0.190625 0.084375
4 0.22109375 0.73984375 0.221875 0.1453125
4 0.85546875 0.775 0.1 0.06875
4 0.825 0.878125 0.15 0.06875
0 0.15234375 0.35078125 0.165625 0.165625
0 0.2421875 0.17109375 0.2125 0.115625
0 0.534375 0.22265625 0.2265625 0.1171875
0 0.4984375 0.5953125 0.19375 0.1125
0 0.8921875 0.52734375 0.146875 0.0875
0 0.940625 0.1921875 0.034375 0.04375
0 0.84453125 0.14375 0.046875 0.046875
0 0.5640625 0.02578125 0.13125 0.0515625
0 0.93515625 0.45703125 0.096875 0.0296875
1 0.6765625 0.671875 0.0765625 0.071875
1 0.7078125 0.56953125 0.04375 0.05
1 0.04453125 0.64296875 0.04375 0.125
2 0.109375 0.79765625 0.1765625 0.1234375
5 0.57890625 0.72265625 0.034375 0.0234375
3 0.75546875 0.69921875 0.1234375 0.084375
3 0.790625 0.55703125 0.08125 0.075
3 0.73125 0.1703125 0.146875 0.090625