4 0.75 0.38359375 0.06875 0.1515625
4 0.4078125 0.4015625 0.0921875 0.175
4 0.1921875 0.40234375 0.0734375 0.1515625
4 0.10703125 0.4109375 0.10625 0.265625
4 0.9109375 0.42265625 0.05 0.1484375
4 0.79296875 0.4671875 0.1 0.265625
4 0.96953125 0.65703125 0.0375 0.15625
4 0.096875 0.69453125 0.0890625 0.1625
4 0.29609375 0.77265625 0.1328125 0.1890625
4 0.42421875 0.15390625 0.065625 0.11875
4 0.25625 0.19609375 0.0625 0.09375
4 0.82109375 0.21875 0.05 0.075
0 0.59609375 0.78359375 0.1640625 0.21875
0 0.7484375 0.6375 0.1296875 0.175
0 0.7390625 0.45703125 0.1 0.175
0 0.4078125 0.47578125 0.10625 0.2125
0 0.36875 0.74296875 0.10625 0.275
0 0.140625 0.47578125 0.0421875 0.05625
3 0.45234375 0.25 0.06875 0.0703125
3 0.3296875 0.28359375 0.0765625 0.10625
3 0.92421875 0.82734375 0.05625 0.11875
3 0.10546875 0.83671875 0.06875 0.084375
3 0.78828125 0.309375 0.0921875 0.1078125
3 0.23828125 0.290625 0.034375 0.084375
1 0.33125 0.36640625 0.059375 0.078125
1 0.45078125 0.32265625 0.06875 0.034375
1 0.36640625 0.92421875 0.0890625 0.025
2 0.87265625 0.77421875 0.0734375 0.0890625
2 0.2375 0.84765625 0.10625 0.159375
5 0.8515625 0.6796875 0.01875 0.034375
5 0.38671875 0.39453125 0.01875 0.0375