4 0.26171875 0.3890625 0.44375 0.1
4 0.35546875 0.19765625 0.1578125 0.084375
4 0.375 0.6203125 0.171875 0.1625
4 0.38046875 0.85234375 0.15 0.1
4 0.79453125 0.7265625 0.2375 0.121875
4 0.0828125 0.73828125 0.0765625 0.053125
4 0.140625 0.76796875 0.096875 0.0671875
4 0.2 0.4640625 0.3578125 0.1046875
0 0.690625 0.19296875 0.284375 0.203125
0 0.53515625 0.42421875 0.3578125 0.159375
0 0.68671875 0.94296875 0.1625 0.1140625
0 0.109375 0.55390625 0.121875 0.05625
0 0.459375 0.2328125 0.228125 0.1078125
0 0.14765625 0.159375 0.059375 0.046875
0 0.06484375 0.18359375 0.046875 0.0375
2 0.9015625 0.80078125 0.159375 0.1234375
3 0.815625 0.03828125 0.13125 0.075
3 0.2484375 0.69296875 0.1265625 0.09375
3 0.21953125 0.5578125 0.08125 0.075
3 0.2765625 0.1640625 0.153125 0.090625
3 0.24375 0.7953125 0.103125 0.0390625
3 0.865625 0.9515625 0.1265625 0.08125
1 0.959375 0.63984375 0.040625 0.1203125
1 0.3234375 0.6671875 0.078125 0.075
1 0.29375 0.5875 0.040625 0.078125
1 0.33671875 0.81015625 0.0765625 0.0234375
5 0.41953125 0.1484375 0.03125 0.01875
5 0.41484375 0.715625 0.034375 0.01875