4 0.38359375 0.40546875 0.1390625 0.10625
4 0.40390625 0.1625 0.11875 0.08125
4 0.40703125 0.7453125 0.159375 0.0984375
4 0.44453125 0.90390625 0.0890625 0.04375
4 0.62109375 0.09921875 0.209375 0.078125
4 0.65390625 0.9640625 0.153125 0.05
4 0.75390625 0.3203125 0.253125 0.115625
4 0.765625 0.821875 0.253125 0.0984375
4 0.140625 0.40234375 0.103125 0.065625
4 0.1640625 0.69921875 0.1109375 0.053125
4 0.1859375 0.2328125 0.1 0.05625
4 0.2140625 0.821875 0.065625 0.040625
0 0.7484375 0.62578125 0.278125 0.21875
0 0.7265625 0.36171875 0.2859375 0.115625
0 0.7015625 0.07265625 0.10625 0.09375
0 0.63046875 0.0375 0.15 0.075
0 0.44609375 0.1515625 0.084375 0.075
0 0.50390625 0.390625 0.146875 0.140625
0 0.13046875 0.25546875 0.096875 0.0625
0 0.08359375 0.4421875 0.1140625 0.059375
0 0.18203125 0.571875 0.175 0.0984375
0 0.1390625 0.76953125 0.084375 0.059375
0 0.1875 0.8 0.065625 0.0453125
0 0.48359375 0.72109375 0.2109375 0.134375
0 0.49296875 0.94921875 0.1109375 0.090625
0 0.7359375 0.76796875 0.240625 0.103125
1 0.928125 0.3515625 0.028125 0.1125
1 0.92109375 0.63203125 0.04375 0.0921875
1 0.34609375 0.33359375 0.084375 0.075
1 0.31953125 0.40546875 0.0390625 0.075
1 0.37109375 0.753125 0.09375 0.0875
2 0.834375 0.22421875 0.18125 0.115625
3 0.81640625 0.91796875 0.215625 0.09375
3 0.30546875 0.77265625 0.134375 0.1125
3 0.28046875 0.3015625 0.125 0.09375
3 0.259375 0.4359375 0.08125 0.0984375
3 0.8359375 0.0828125 0.165625 0.084375
5 0.79140625 0.8484375 0.065625 0.0375
5 0.80546875 0.27578125 0.05 0.046875