4 0.60234375 0.63125 0.165625 0.10625
4 0.58203125 0.82578125 0.175 0.071875
4 0.58046875 0.26796875 0.1609375 0.084375
4 0.5265625 0.04765625 0.178125 0.0875
4 0.33984375 0.05234375 0.13125 0.0421875
4 0.26875 0.2 0.165625 0.065625
4 0.26640625 0.93046875 0.2578125 0.09375
4 0.221875 0.72890625 0.1640625 0.1375
4 0.83359375 0.5984375 0.1125 0.0671875
4 0.80390625 0.3171875 0.11875 0.0609375
4 0.7875 0.76328125 0.090625 0.0625
4 0.759375 0.20234375 0.0890625 0.0515625
0 0.2203125 0.440625 0.2578125 0.175
0 0.25 0.26875 0.2015625 0.090625
0 0.509375 0.28515625 0.20625 0.090625
0 0.50703125 0.6046875 0.2203125 0.11875
0 0.24765625 0.65 0.2609375 0.103125
0 0.34375 0.9203125 0.165625 0.078125
0 0.51171875 0.87421875 0.0890625 0.0578125
0 0.86953125 0.7390625 0.071875 0.040625
0 0.89140625 0.56484375 0.0890625 0.0546875
0 0.88046875 0.37265625 0.084375 0.046875
0 0.86015625 0.25 0.025 0.034375
0 0.43671875 0.0484375 0.078125 0.05625
2 0.13046875 0.79296875 0.15625 0.0953125
2 0.221875 0.14921875 0.1 0.0515625
3 0.73125 0.5703125 0.0859375 0.06875
3 0.69609375 0.696875 0.121875 0.08125
3 0.1609375 0.1015625 0.128125 0.0578125
3 0.671875 0.23359375 0.121875 0.0890625
1 0.625 0.68984375 0.084375 0.059375
1 0.6625 0.57109375 0.0296875 0.06875
1 0.06484375 0.6515625 0.021875 0.0921875
1 0.146875 0.92109375 0.0859375 0.065625
5 0.14375 0.171875 0.040625 0.025