4 0.58046875 0.396875 0.1 0.12734375
4 0.2625 0.42578125 0.0890625 0.1484375
4 0.80703125 0.42578125 0.0828125 0.12734375
4 0.11875 0.46328125 0.0484375 0.109375
4 0.86953125 0.63046875 0.0796875 0.19765625
4 0.0578125 0.65625 0.0453125 0.140625
4 0.6609375 0.7515625 0.1171875 0.22109375
4 0.18984375 0.76328125 0.0875 0.23984375
4 0.58203125 0.1734375 0.05625 0.09140625
4 0.30859375 0.1953125 0.053125 0.08828125
4 0.74140625 0.21640625 0.059375 0.06796875
4 0.19140625 0.24375 0.0375 0.0546875
0 0.36484375 0.7515625 0.178125 0.25
0 0.28046875 0.49765625 0.0921875 0.18203125
0 0.58359375 0.50625 0.10625 0.140625
0 0.61640625 0.73203125 0.0828125 0.23984375
0 0.89765625 0.70078125 0.0796875 0.07265625
0 0.9484375 0.62734375 0.0875 0.11171875
0 0.42421875 0.209375 0.08125 0.16640625
0 0.7265625 0.16015625 0.071875 0.0625
0 0.54921875 0.1234375 0.05625 0.10390625
0 0.82734375 0.4625 0.0578125 0.08359375
1 0.6484375 0.365625 0.059375 0.0703125
1 0.58046875 0.3453125 0.0703125 0.0390625
1 0.63203125 0.9125 0.1015625 0.02578125
1 0.37265625 0.915625 0.0640625 0.03125
5 0.1640625 0.7890625 0.0203125 0.04453125
5 0.534375 0.34921875 0.0140625 0.02890625
3 0.23125 0.3296875 0.0828125 0.12265625
3 0.5578125 0.27890625 0.0609375 0.06796875
3 0.6765625 0.30234375 0.0734375 0.109375
3 0.7609375 0.303125 0.0328125 0.0703125
3 0.89375 0.83828125 0.0640625 0.08359375
2 0.7453125 0.82421875 0.1078125 0.1484375