4 0.5953125 0.39609375 0.1296875 0.1
4 0.5578125 0.15390625 0.115625 0.08125
4 0.55 0.73359375 0.1375 0.0875
4 0.521875 0.89375 0.1 0.04375
4 0.3453125 0.09296875 0.209375 0.0875
4 0.31484375 0.95703125 0.1375 0.0484375
4 0.2171875 0.3125 0.2515625 0.121875
4 0.203125 0.8140625 0.2515625 0.0890625
4 0.8234375 0.39765625 0.09375 0.059375
4 0.80546875 0.6859375 0.103125 0.0546875
4 0.78203125 0.2203125 0.0828125 0.0625
4 0.753125 0.80859375 0.06875 0.0390625
0 0.2171875 0.62578125 0.2625 0.19375
0 0.4671875 0.396875 0.159375 0.115625
0 0.49140625 0.715625 0.2015625 0.09375
0 0.48046875 0.93515625 0.115625 0.090625
0 0.23359375 0.7609375 0.2515625 0.0796875
0 0.7875 0.56953125 0.1796875 0.08125
0 0.9078125 0.43515625 0.065625 0.05625
0 0.83671875 0.24921875 0.09375 0.065625
0 0.52890625 0.14296875 0.090625 0.078125
0 0.34296875 0.0328125 0.1328125 0.065625
0 0.27109375 0.0671875 0.109375 0.096875
0 0.2390625 0.35703125 0.265625 0.1078125
0 0.8359375 0.76484375 0.075 0.0453125
0 0.8359375 0.42109375 0.053125 0.034375
1 0.04140625 0.34296875 0.03125 0.109375
1 0.0453125 0.61328125 0.0328125 0.1015625
1 0.621875 0.32890625 0.078125 0.065625
1 0.64921875 0.3984375 0.0328125 0.0765625
1 0.60078125 0.746875 0.0625 0.05625
2 0.13515625 0.225 0.15 0.11875
5 0.178125 0.8390625 0.0578125 0.03125
5 0.17421875 0.26875 0.04375 0.040625
3 0.715625 0.4234375 0.0875 0.0734375
3 0.6890625 0.29921875 0.115625 0.075
3 0.665625 0.775 0.121875 0.0875
3 0.16015625 0.88984375 0.146875 0.0703125
3 0.68203125 0.2046875 0.1046875 0.04375
5 0.5453125 0.77890625 0.0328125 0.021875
3 0.11875 0.06796875 0.1296875 0.078125