0 0.45234375 0.1890625 0.15 0.096875
4 0.453125 0.20625 0.121875 0.065625
4 0.48984375 0.26796875 0.18125 0.096875
0 0.41328125 0.37734375 0.184375 0.096875
4 0.334375 0.37421875 0.2 0.084375
4 0.3421875 0.4765625 0.228125 0.096875
4 0.3703125 0.621875 0.259375 0.10625
4 0.38203125 0.7234375 0.2515625 0.0953125
4 0.2984375 0.20234375 0.0921875 0.034375
4 0.315625 0.22421875 0.1078125 0.0375
4 0.2984375 0.26328125 0.109375 0.0421875
4 0.16328125 0.74921875 0.134375 0.0859375
4 0.18203125 0.65703125 0.128125 0.0765625
4 0.1890625 0.52734375 0.059375 0.0421875
4 0.165625 0.5953125 0.090625 0.040625
4 0.1984375 0.63125 0.0671875 0.046875
4 0.2015625 0.69765625 0.08125 0.05
0 0.5328125 0.34296875 0.125 0.065625
0 0.4453125 0.28515625 0.06875 0.0375
0 0.4234375 0.4640625 0.2125 0.1015625
0 0.475 0.6046875 0.2609375 0.109375
0 0.5015625 0.72734375 0.275 0.121875
1 0.1953125 0.8421875 0.0234375 0.04375
1 0.3234375 0.40234375 0.025 0.028125
3 0.15 0.7671875 0.053125 0.046875
3 0.15625 0.8453125 0.05625 0.053125
2 0.1625 0.66640625 0.040625 0.021875
3 0.14609375 0.69140625 0.05625 0.0484375
3 0.146875 0.61953125 0.053125 0.0328125
3 0.1515625 0.56875 0.0359375 0.0375
2 0.296875 0.50078125 0.075 0.0375
2 0.315625 0.64765625 0.0875 0.05
2 0.3296875 0.7578125 0.10625 0.05625
2 0.2875 0.42265625 0.06875 0.0328125