4 0.478125 0.465625 0.096875 0.23671875
4 0.40625 0.47265625 0.07734375 0.2015625
4 0.21484375 0.4625 0.0640625 0.109375
4 0.61640625 0.22109375 0.0421875 0.05
4 0.6671875 0.22421875 0.03515625 0.05078125
4 0.734375 0.1921875 0.0734375 0.08828125
4 0.58203125 0.18828125 0.0265625 0.05546875
4 0.5390625 0.19296875 0.02890625 0.040625
4 0.22890625 0.3125 0.034375 0.08984375
0 0.64765625 0.63359375 0.1015625 0.31484375
0 0.5890625 0.4734375 0.096875 0.234375
0 0.821875 0.28984375 0.059375 0.18046875
0 0.27890625 0.3859375 0.04921875 0.15390625
0 0.23515625 0.38828125 0.05390625 0.11484375
3 0.828125 0.1859375 0.046875 0.05390625
3 0.75078125 0.1765625 0.0421875 0.0625
3 0.68125 0.1765625 0.0453125 0.04921875
3 0.61171875 0.1765625 0.03984375 0.04609375
3 0.56015625 0.175 0.0359375 0.040625
2 0.2109375 0.30390625 0.01484375 0.034375
2 0.1828125 0.50078125 0.0484375 0.04609375
2 0.2578125 0.3 0.01640625 0.034375
1 0.8234375 0.22265625 0.0421875 0.0171875