4 0.33671875 0.39140625 0.134375 0.0625
4 0.303125 0.45625 0.121875 0.0703125
4 0.88203125 0.22265625 0.2359375 0.121875
4 0.62890625 0.0734375 0.103125 0.03125
4 0.93359375 0.32265625 0.1328125 0.0796875
4 0.5015625 0.39453125 0.190625 0.0828125
4 0.49140625 0.27578125 0.13125 0.059375
4 0.34296875 0.53125 0.1640625 0.0625
4 0.72421875 0.1578125 0.1265625 0.0625
2 0.346875 0.7625 0.1078125 0.059375
2 0.3453125 0.646875 0.1078125 0.0609375
2 0.18828125 0.66640625 0.0625 0.0375
2 0.30859375 0.49296875 0.078125 0.03125
2 0.30703125 0.26328125 0.05625 0.025
2 0.30625 0.2328125 0.05 0.0265625
2 0.30078125 0.20546875 0.065625 0.025
3 0.16796875 0.575 0.05 0.0453125
3 0.16640625 0.6296875 0.053125 0.046875
3 0.16328125 0.7046875 0.05625 0.046875
3 0.16484375 0.775 0.06875 0.046875
3 0.17265625 0.8546875 0.0609375 0.05625
1 0.21328125 0.84921875 0.021875 0.0453125
1 0.20625 0.7609375 0.015625 0.0359375
1 0.20078125 0.6125 0.0265625 0.04375