4 0.5953125 0.2890625 0.065625 0.1390625
4 0.52734375 0.25390625 0.071875 0.128125
4 0.77109375 0.86640625 0.125 0.265625
4 0.9265625 0.59296875 0.034375 0.10625
4 0.6671875 0.9203125 0.0828125 0.159375
4 0.5921875 0.4609375 0.0875 0.1984375
4 0.715625 0.45 0.0625 0.1359375
4 0.45 0.2953125 0.065625 0.171875
4 0.83828125 0.6921875 0.0640625 0.13125
2 0.21015625 0.29921875 0.059375 0.1125
2 0.3296875 0.29765625 0.0625 0.1125
2 0.309375 0.13515625 0.0375 0.065625
2 0.48984375 0.26015625 0.03125 0.08125
2 0.72890625 0.25859375 0.025 0.059375
2 0.76015625 0.25703125 0.028125 0.053125
2 0.78828125 0.2515625 0.025 0.0671875
3 0.40390625 0.11328125 0.046875 0.053125
3 0.34765625 0.11171875 0.046875 0.05625
3 0.26953125 0.10859375 0.0484375 0.0578125
3 0.196875 0.11015625 0.0484375 0.0703125
3 0.1140625 0.11796875 0.059375 0.0625
1 0.11953125 0.1609375 0.046875 0.021875
1 0.2109375 0.153125 0.0375 0.0171875
1 0.365625 0.14765625 0.04375 0.028125