4 0.72734375 0.490625 0.065625 0.1625
4 0.7890625 0.46171875 0.065625 0.1125
4 0.37890625 0.21484375 0.04375 0.05
4 0.33125 0.221875 0.0359375 0.053125
4 0.25 0.1703125 0.0796875 0.115625
4 0.4140625 0.18125 0.028125 0.05625
4 0.44375 0.203125 0.0296875 0.059375
4 0.325 0.17734375 0.04375 0.0625
4 0.36953125 0.16484375 0.040625 0.1375
4 0.41015625 0.1671875 0.028125 0.0421875
4 0.484375 0.19296875 0.0375 0.090625
0 0.6578125 0.54296875 0.0515625 0.1234375
0 0.609375 0.40546875 0.0875 0.184375
0 0.496875 0.44375 0.0875 0.215625
0 0.3890625 0.478125 0.1 0.24375
0 0.25859375 0.48125 0.09375 0.26875
0 0.72265625 0.36953125 0.053125 0.134375
0 0.76484375 0.36484375 0.05 0.1046875
0 0.171875 0.278125 0.0625 0.1703125
3 0.1640625 0.184375 0.046875 0.06875
3 0.2421875 0.16953125 0.0453125 0.053125
3 0.3109375 0.16484375 0.04375 0.0484375
3 0.4359375 0.16953125 0.0359375 0.04375
2 0.25625 0.353125 0.059375 0.09375
2 0.3625 0.34296875 0.053125 0.0875
2 0.7453125 0.30390625 0.03125 0.053125
2 0.79453125 0.30390625 0.01875 0.046875
5 0.76328125 0.31953125 0.0125 0.021875
2 0.82265625 0.50234375 0.046875 0.05
1 0.17109375 0.21796875 0.040625 0.021875