4 0.384375 0.340625 0.0609375 0.128125
4 0.44609375 0.30859375 0.0671875 0.11796875
4 0.22265625 0.875 0.11640625 0.25
4 0.07890625 0.62109375 0.03046875 0.0984375
4 0.31796875 0.92421875 0.07578125 0.15078125
4 0.38671875 0.49921875 0.0796875 0.18203125
4 0.2734375 0.4890625 0.05703125 0.125
4 0.51796875 0.346875 0.06015625 0.15703125
4 0.16015625 0.71171875 0.059375 0.12109375
2 0.7390625 0.35078125 0.05546875 0.103125
2 0.62890625 0.34921875 0.0578125 0.103125
2 0.64765625 0.19921875 0.03515625 0.059375
2 0.48125 0.3140625 0.02890625 0.07578125
2 0.2609375 0.3125 0.0234375 0.05390625
2 0.23203125 0.31171875 0.025 0.04921875
2 0.20625 0.30625 0.0234375 0.0625
3 0.56015625 0.17890625 0.04296875 0.04921875
3 0.61171875 0.178125 0.04375 0.0515625
3 0.684375 0.17421875 0.04453125 0.053125
3 0.7515625 0.1765625 0.04453125 0.06484375
3 0.828125 0.18359375 0.0546875 0.05859375
1 0.82265625 0.22265625 0.04296875 0.01953125
1 0.73828125 0.215625 0.034375 0.015625
1 0.5953125 0.2109375 0.040625 0.025