4 0.66796875 0.3828125 0.1296875 0.053125
4 0.69140625 0.4328125 0.11875 0.06875
4 0.49375 0.353125 0.1828125 0.065625
4 0.54296875 0.23125 0.128125 0.0515625
4 0.5171875 0.284375 0.1375 0.0546875
4 0.6859375 0.20703125 0.0875 0.03125
0 0.50703125 0.72109375 0.271875 0.10625
0 0.5328125 0.59375 0.24375 0.1125
0 0.56796875 0.4484375 0.209375 0.096875
0 0.5625 0.44921875 0.20625 0.1
0 0.5953125 0.3515625 0.1 0.065625
0 0.61171875 0.34765625 0.0859375 0.05625
0 0.78984375 0.5046875 0.053125 0.04375
0 0.778125 0.5515625 0.05 0.046875
0 0.79609375 0.56875 0.065625 0.0375
0 0.77421875 0.63125 0.04375 0.0390625
0 0.790625 0.659375 0.046875 0.034375
0 0.77109375 0.7671875 0.0375 0.025
0 0.7921875 0.71953125 0.05625 0.028125
0 0.63984375 0.2609375 0.0953125 0.05625
3 0.828125 0.82890625 0.065625 0.05
3 0.8328125 0.74765625 0.05625 0.05
3 0.83828125 0.68125 0.0484375 0.046875
3 0.83359375 0.6109375 0.0484375 0.046875
3 0.83359375 0.55859375 0.04375 0.040625
2 0.6671875 0.628125 0.0890625 0.059375
2 0.684375 0.48203125 0.0890625 0.034375
2 0.65703125 0.7421875 0.0984375 0.05625
2 0.81796875 0.64375 0.053125 0.0375
2 0.7015625 0.25234375 0.046875 0.025
2 0.703125 0.22734375 0.04375 0.015625
1 0.7875 0.8234375 0.021875 0.04375
1 0.79921875 0.6015625 0.021875 0.0390625
1 0.79296875 0.678125 0.0203125 0.021875
1 0.665625 0.396875 0.0296875 0.028125