4 0.51875 0.7234375 0.171875 0.06875
4 0.54921875 0.78828125 0.115625 0.06875
4 0.80703125 0.359375 0.053125 0.0453125
4 0.8 0.31015625 0.0546875 0.0375
4 0.853125 0.225 0.121875 0.084375
4 0.8421875 0.396875 0.059375 0.028125
4 0.81953125 0.42734375 0.0609375 0.03125
4 0.84609375 0.303125 0.065625 0.046875
4 0.859375 0.35 0.14375 0.04375
4 0.85703125 0.3921875 0.04375 0.028125
4 0.8296875 0.46953125 0.09375 0.040625
0 0.4640625 0.65078125 0.1296875 0.053125
0 0.6078125 0.6 0.19375 0.090625
0 0.56796875 0.4828125 0.225 0.090625
0 0.53125 0.3703125 0.25625 0.1046875
0 0.52890625 0.23359375 0.28125 0.0984375
0 0.6453125 0.71796875 0.1390625 0.05625
0 0.65 0.7625 0.109375 0.05
0 0.740625 0.14375 0.178125 0.065625
2 0.6671875 0.23125 0.10625 0.059375
2 0.67734375 0.3421875 0.0890625 0.0578125
2 0.71015625 0.74296875 0.0578125 0.028125
2 0.7140625 0.79609375 0.046875 0.021875
5 0.696875 0.7625 0.028125 0.01875
3 0.85234375 0.2171875 0.065625 0.05
3 0.85546875 0.284375 0.0578125 0.0375
3 0.85546875 0.41796875 0.046875 0.040625
3 0.84453125 0.13515625 0.0625 0.05
1 0.803125 0.13984375 0.025 0.0421875