4 0.5421875 0.21875 0.1484375 0.06875
4 0.50546875 0.27109375 0.15 0.096875
0 0.56875 0.37734375 0.175 0.0890625
4 0.65078125 0.3734375 0.184375 0.078125
0 0.55234375 0.46640625 0.1984375 0.103125
4 0.64921875 0.4625 0.1984375 0.0828125
0 0.515625 0.59921875 0.2375 0.1109375
4 0.6203125 0.60078125 0.215625 0.1171875
0 0.484375 0.73359375 0.2671875 0.1125
4 0.60078125 0.7296875 0.228125 0.10625
4 0.684375 0.2046875 0.071875 0.0296875
4 0.66484375 0.23046875 0.1015625 0.046875
0 0.61484375 0.2765625 0.13125 0.0515625
4 0.678125 0.26953125 0.1 0.0375
4 0.80546875 0.53671875 0.0921875 0.0375
4 0.80390625 0.5875 0.096875 0.0578125
4 0.81015625 0.62578125 0.125 0.05
4 0.80390625 0.75234375 0.146875 0.0875
4 0.7890625 0.59140625 0.05625 0.053125
0 0.4546875 0.3421875 0.10625 0.0625
3 0.8140625 0.8375 0.065625 0.0484375
3 0.82578125 0.759375 0.0625 0.05
3 0.8265625 0.68984375 0.059375 0.0546875
3 0.828125 0.615625 0.05625 0.053125
3 0.8234375 0.565625 0.059375 0.040625
2 0.65390625 0.64140625 0.09375 0.05
2 0.684375 0.49921875 0.084375 0.0453125
2 0.6921875 0.42421875 0.071875 0.040625
2 0.6625 0.76171875 0.065625 0.040625
2 0.80625 0.6546875 0.065625 0.0359375
1 0.77578125 0.83359375 0.021875 0.040625
1 0.7890625 0.69296875 0.021875 0.0296875
1 0.78984375 0.54921875 0.025 0.034375