4 0.61015625 0.34140625 0.053125 0.128125
4 0.5609375 0.31796875 0.0671875 0.11875
4 0.63984375 0.51328125 0.0640625 0.18125
4 0.76015625 0.46484375 0.05 0.125
4 0.7078125 0.48984375 0.053125 0.1375
4 0.784375 0.3234375 0.03125 0.0875
0 0.27578125 0.50078125 0.1046875 0.26875
0 0.4015625 0.475 0.109375 0.240625
0 0.5453125 0.43984375 0.09375 0.2078125
0 0.54453125 0.44609375 0.1 0.203125
0 0.64140625 0.41328125 0.065625 0.096875
0 0.6453125 0.396875 0.0546875 0.084375
0 0.48984375 0.2203125 0.04375 0.053125
0 0.44296875 0.23203125 0.046875 0.0484375
0 0.4265625 0.21484375 0.0375 0.0640625
0 0.3640625 0.2359375 0.0390625 0.04375
0 0.33671875 0.2203125 0.0328125 0.046875
0 0.23046875 0.23984375 0.025 0.0375
0 0.27734375 0.21796875 0.028125 0.05625
0 0.73125 0.36953125 0.05625 0.09375
3 0.16875 0.1828125 0.0484375 0.0640625
3 0.24921875 0.178125 0.05 0.0546875
3 0.31484375 0.1734375 0.046875 0.046875
3 0.38515625 0.17734375 0.0453125 0.046875
3 0.4359375 0.17734375 0.040625 0.0421875
2 0.3671875 0.3421875 0.059375 0.0875
2 0.5125 0.325 0.034375 0.0875
2 0.2546875 0.35234375 0.05625 0.096875
2 0.3515625 0.19296875 0.0375 0.053125
2 0.7390625 0.30859375 0.025 0.046875
2 0.7640625 0.30625 0.015625 0.0421875
1 0.17421875 0.2234375 0.04375 0.021875
1 0.39375 0.21171875 0.0390625 0.021875
1 0.31796875 0.21796875 0.021875 0.0203125
1 0.59609375 0.34375 0.0265625 0.028125