4 0.21484375 0.453125 0.06875 0.146875
4 0.26640625 0.48984375 0.096875 0.15
0 0.371875 0.42734375 0.0890625 0.175
4 0.36875 0.3453125 0.078125 0.184375
0 0.46015625 0.44296875 0.103125 0.196875
4 0.45703125 0.346875 0.08125 0.196875
0 0.59296875 0.4796875 0.109375 0.234375
4 0.59453125 0.37578125 0.115625 0.2125
0 0.7265625 0.5109375 0.1125 0.265625
4 0.72265625 0.3953125 0.10625 0.228125
4 0.20078125 0.3125 0.0296875 0.071875
4 0.2265625 0.33125 0.046875 0.1
0 0.271875 0.38125 0.05 0.13125
4 0.26484375 0.31796875 0.0359375 0.0984375
4 0.53046875 0.19140625 0.0375 0.090625
4 0.58125 0.19296875 0.05625 0.0953125
4 0.61875 0.18671875 0.05 0.1234375
4 0.7453125 0.19296875 0.0875 0.1453125
4 0.58515625 0.2078125 0.053125 0.05625
0 0.33671875 0.540625 0.0609375 0.1046875
1 0.825 0.2203125 0.0375 0.0203125
1 0.39453125 0.3375 0.0359375 0.03125
3 0.82890625 0.18125 0.053125 0.05
3 0.75625 0.1734375 0.0453125 0.0625
3 0.68203125 0.1734375 0.05 0.059375
3 0.60078125 0.1671875 0.025 0.053125
3 0.553125 0.17421875 0.028125 0.0484375
2 0.74765625 0.346875 0.04375 0.0875
2 0.6328125 0.3375 0.05 0.0953125
2 0.490625 0.3234375 0.04375 0.08125
2 0.4234375 0.3 0.0265625 0.04375
2 0.17734375 0.50234375 0.053125 0.046875