4 0.5328125 0.46640625 0.1 0.24375
4 0.60625 0.4734375 0.08125 0.209375
4 0.8046875 0.46328125 0.065625 0.1125
4 0.38984375 0.21328125 0.04375 0.0515625
4 0.33671875 0.2171875 0.0375 0.053125
4 0.26796875 0.184375 0.075 0.090625
3 0.44921875 0.16875 0.040625 0.05
4 0.425 0.1796875 0.028125 0.05625
4 0.46875 0.184375 0.03125 0.0421875
4 0.78984375 0.30859375 0.034375 0.09375
0 0.35703125 0.63984375 0.1046875 0.325
0 0.4171875 0.475 0.1 0.2421875
0 0.17734375 0.28515625 0.0609375 0.1875
0 0.7375 0.384375 0.05 0.159375
0 0.7828125 0.3859375 0.05625 0.11875
2 0.8078125 0.30078125 0.01875 0.0375
2 0.75859375 0.29609375 0.015625 0.03125
2 0.8359375 0.5 0.05 0.05
3 0.17265625 0.17890625 0.046875 0.06875
3 0.25390625 0.165625 0.046875 0.0671875
3 0.3234375 0.1640625 0.053125 0.059375
3 0.39296875 0.165625 0.040625 0.0546875
1 0.17734375 0.21953125 0.04375 0.015625