4 0.53203125 0.51796875 0.265625 0.109375
4 0.52421875 0.5984375 0.225 0.0875
4 0.5359375 0.81328125 0.121875 0.071875
4 0.80625 0.36328125 0.05625 0.046875
4 0.803125 0.30625 0.05625 0.040625
4 0.8390625 0.23203125 0.0984375 0.08125
3 0.85546875 0.428125 0.053125 0.04375
4 0.84375 0.40234375 0.0625 0.0296875
4 0.83828125 0.44921875 0.0453125 0.0328125
4 0.70390625 0.796875 0.1 0.0390625
0 0.34375 0.328125 0.353125 0.1125
0 0.5234375 0.39375 0.2625 0.109375
0 0.72890625 0.13359375 0.203125 0.065625
0 0.62109375 0.740625 0.171875 0.05625
0 0.61953125 0.78984375 0.128125 0.0609375
2 0.7125 0.8171875 0.040625 0.021875
2 0.7171875 0.7640625 0.034375 0.015625
2 0.49609375 0.84765625 0.0546875 0.0546875
3 0.84453125 0.12890625 0.075 0.05
3 0.859375 0.21640625 0.071875 0.0515625
3 0.8609375 0.29140625 0.0640625 0.0578125
3 0.85859375 0.3671875 0.059375 0.04375
1 0.80078125 0.1328125 0.01875 0.046875