4 0.4609375 0.5078125 0.2515625 0.103125
4 0.46796875 0.58359375 0.2140625 0.08125
4 0.45703125 0.7875 0.115625 0.06875
4 0.20078125 0.3609375 0.053125 0.04375
4 0.2046875 0.30703125 0.053125 0.0375
4 0.1703125 0.2359375 0.09375 0.078125
4 0.165625 0.39765625 0.059375 0.028125
4 0.17109375 0.44296875 0.04375 0.03125
4 0.2984375 0.77265625 0.0953125 0.0375
0 0.6390625 0.328125 0.334375 0.1078125
0 0.46875 0.38984375 0.2484375 0.103125
0 0.27421875 0.14296875 0.190625 0.0625
0 0.3765625 0.71875 0.1625 0.053125
0 0.378125 0.765625 0.121875 0.05625
3 0.1640625 0.13671875 0.0578125 0.05
3 0.15390625 0.21796875 0.065625 0.0453125
3 0.15390625 0.2921875 0.0515625 0.0484375
3 0.15390625 0.36640625 0.05 0.04375
3 0.15234375 0.4203125 0.04375 0.0375
2 0.2890625 0.79140625 0.0375 0.015625
2 0.49765625 0.82109375 0.05 0.0515625
2 0.28515625 0.74140625 0.0375 0.0171875
1 0.203125 0.14140625 0.01875 0.0453125