4 0.275 0.490625 0.06484375 0.16015625
4 0.21484375 0.4625 0.0640625 0.109375
4 0.61640625 0.22109375 0.0421875 0.05
4 0.66328125 0.22734375 0.03515625 0.05078125
4 0.74296875 0.17734375 0.078125 0.1140625
4 0.58203125 0.18828125 0.0265625 0.05546875
4 0.553125 0.209375 0.02890625 0.05703125
4 0.66953125 0.184375 0.04296875 0.0609375
4 0.62578125 0.171875 0.03984375 0.13515625
4 0.5859375 0.17421875 0.0265625 0.04140625
4 0.51328125 0.19921875 0.0375 0.0890625
0 0.34296875 0.5421875 0.05078125 0.12109375
0 0.39140625 0.40703125 0.08515625 0.18125
0 0.50078125 0.44453125 0.0859375 0.21015625
0 0.60625 0.47890625 0.0984375 0.23984375
0 0.734375 0.48125 0.0921875 0.26328125
0 0.28046875 0.371875 0.05234375 0.13046875
0 0.23828125 0.36796875 0.04765625 0.103125
0 0.81875 0.2828125 0.06171875 0.16640625
2 0.73671875 0.3515625 0.0546875 0.10078125
2 0.6328125 0.3421875 0.0546875 0.08359375
2 0.25703125 0.31171875 0.02578125 0.05390625
2 0.20703125 0.3078125 0.0203125 0.04375
5 0.23828125 0.32421875 0.01875 0.0265625
3 0.75 0.178125 0.04609375 0.0625
3 0.6875 0.175 0.03515625 0.05390625
3 0.56171875 0.175 0.0375 0.04375
3 0.8265625 0.1859375 0.04609375 0.059375
1 0.82265625 0.22421875 0.0390625 0.02265625