4 0.41171875 0.8359375 0.1625 0.075
4 0.4515625 0.77890625 0.1625 0.10625
0 0.3828125 0.6640625 0.190625 0.096875
4 0.29375 0.6671875 0.2015625 0.084375
0 0.40078125 0.56640625 0.215625 0.1125
4 0.2953125 0.5703125 0.215625 0.090625
0 0.440625 0.421875 0.25625 0.1203125
4 0.3265625 0.4203125 0.234375 0.128125
0 0.47578125 0.2765625 0.290625 0.1234375
4 0.3484375 0.2796875 0.25 0.115625
4 0.2578125 0.85078125 0.078125 0.03125
4 0.27890625 0.82265625 0.1109375 0.0515625
0 0.3328125 0.7734375 0.14375 0.05625
4 0.2640625 0.78046875 0.1078125 0.040625
4 0.12578125 0.48984375 0.1 0.0421875
4 0.12734375 0.434375 0.1046875 0.0625
4 0.1203125 0.39375 0.134375 0.0546875
4 0.12734375 0.25546875 0.159375 0.0953125
4 0.14375 0.43046875 0.0625 0.0578125
0 0.50703125 0.7015625 0.115625 0.065625
2 0.1203125 0.3515625 0.0453125 0.021875
2 0.29296875 0.25859375 0.1125 0.0546875
2 0.28125 0.3734375 0.0875 0.0515625
2 0.25703125 0.52734375 0.075 0.04375
2 0.25546875 0.6109375 0.0671875 0.0375
2 0.46484375 0.875 0.04375 0.053125
3 0.11484375 0.16171875 0.059375 0.05
3 0.10390625 0.24609375 0.0625 0.040625
3 0.10078125 0.3265625 0.059375 0.0515625
3 0.1015625 0.40625 0.053125 0.040625
3 0.1046875 0.45546875 0.046875 0.034375
1 0.159375 0.17109375 0.0203125 0.046875