4 0.20390625 0.47109375 0.06875 0.115625
4 0.2703125 0.4859375 0.065625 0.1546875
4 0.5125 0.19609375 0.04375 0.1078125
4 0.56015625 0.2109375 0.040625 0.06875
4 0.61328125 0.22109375 0.0328125 0.040625
4 0.6671875 0.2265625 0.040625 0.0578125
4 0.7484375 0.1875 0.08125 0.125
4 0.675 0.17890625 0.0546875 0.0640625
4 0.62578125 0.165625 0.046875 0.1375
4 0.590625 0.17421875 0.028125 0.071875
0 0.73671875 0.48046875 0.096875 0.2578125
0 0.60859375 0.47578125 0.1 0.2375
0 0.5 0.4515625 0.096875 0.2125
0 0.39296875 0.421875 0.090625 0.1765625
0 0.27734375 0.37421875 0.046875 0.125
0 0.2375 0.36640625 0.0453125 0.109375
0 0.3421875 0.54453125 0.05625 0.1109375
2 0.63671875 0.33984375 0.05625 0.090625
2 0.7421875 0.35 0.059375 0.0984375
3 0.834375 0.17890625 0.046875 0.0609375
3 0.7578125 0.17109375 0.046875 0.0625
3 0.6921875 0.1671875 0.034375 0.0484375
3 0.56484375 0.16875 0.0359375 0.034375
2 0.2546875 0.30625 0.028125 0.046875
2 0.203125 0.3046875 0.021875 0.046875
5 0.2328125 0.3203125 0.015625 0.0203125
0 0.82734375 0.27734375 0.0625 0.165625
1 0.83046875 0.2203125 0.040625 0.025