4 0.5296875 0.21015625 0.1125 0.06875
4 0.68203125 0.2265625 0.1046875 0.0453125
4 0.6875 0.26796875 0.115625 0.0265625
4 0.496875 0.40390625 0.23125 0.078125
4 0.5109375 0.45859375 0.28125 0.13125
4 0.79296875 0.53125 0.09375 0.0359375
4 0.78203125 0.57265625 0.059375 0.05
4 0.7765625 0.61640625 0.075 0.05
4 0.76484375 0.665625 0.0625 0.0484375
4 0.7953125 0.7375 0.128125 0.078125
0 0.36015625 0.63984375 0.309375 0.11875
0 0.5296875 0.58984375 0.2375 0.096875
0 0.6359375 0.38125 0.0953125 0.06875
0 0.6 0.453125 0.1375 0.08125
0 0.70859375 0.8234375 0.178125 0.0609375
3 0.825 0.75234375 0.0625 0.0453125
3 0.815625 0.828125 0.05 0.05
3 0.82421875 0.68125 0.053125 0.04375
3 0.82734375 0.61171875 0.046875 0.0375
3 0.82578125 0.56015625 0.040625 0.034375
2 0.49921875 0.17734375 0.05625 0.053125
2 0.6953125 0.2046875 0.040625 0.015625
2 0.69921875 0.25390625 0.03125 0.0125
1 0.7734375 0.82421875 0.0296875 0.040625