4 0.275 0.490625 0.06484375 0.16015625
4 0.21484375 0.4625 0.0640625 0.109375
4 0.61640625 0.22109375 0.0421875 0.05
4 0.66328125 0.22734375 0.03515625 0.05078125
4 0.74296875 0.17734375 0.078125 0.1140625
4 0.58203125 0.18828125 0.0265625 0.05546875
4 0.553125 0.209375 0.02890625 0.05703125
4 0.66953125 0.184375 0.04296875 0.0609375
4 0.62578125 0.171875 0.03984375 0.13515625
4 0.5859375 0.17421875 0.0265625 0.04140625
4 0.51328125 0.19921875 0.0375 0.0890625
0 0.34296875 0.5421875 0.05078125 0.12109375
0 0.39140625 0.40703125 0.08515625 0.18125
0 0.50078125 0.44453125 0.0859375 0.21015625
0 0.60625 0.47890625 0.0984375 0.23984375
0 0.734375 0.48125 0.0921875 0.26328125
0 0.28046875 0.371875 0.05234375 0.13046875
0 0.23828125 0.36796875 0.04765625 0.103125
0 0.81875 0.2828125 0.06171875 0.16640625
3 0.82734375 0.19140625 0.046875 0.0671875
3 0.75 0.17578125 0.04453125 0.053125
3 0.68359375 0.171875 0.04375 0.04765625
3 0.5609375 0.17578125 0.03515625 0.0421875
2 0.7359375 0.35625 0.05703125 0.09140625
2 0.6328125 0.34609375 0.053125 0.0859375
2 0.2578125 0.30859375 0.03046875 0.053125
2 0.21015625 0.3078125 0.01796875 0.04609375
5 0.240625 0.3234375 0.01171875 0.02265625
2 0.18203125 0.50234375 0.046875 0.04921875
1 0.8203125 0.2234375 0.040625 0.02109375