4 0.478125 0.2609375 0.115625 0.08125
4 0.453125 0.203125 0.1125 0.065625
4 0.1546875 0.72265625 0.06875 0.046875
4 0.17734375 0.571875 0.071875 0.0390625
4 0.18359375 0.621875 0.103125 0.0375
4 0.1765625 0.52265625 0.05625 0.0375
0 0.41484375 0.3671875 0.190625 0.0953125
4 0.3328125 0.36328125 0.15625 0.0625
4 0.321875 0.43984375 0.171875 0.06875
4 0.33046875 0.59453125 0.1546875 0.0828125
4 0.34609375 0.725 0.15625 0.0921875
4 0.32265625 0.22265625 0.096875 0.0359375
4 0.29921875 0.25859375 0.084375 0.03125
4 0.30234375 0.196875 0.059375 0.021875
4 0.2671875 0.2265625 0.0375 0.01875
0 0.53125 0.33359375 0.1078125 0.065625
0 0.4703125 0.5890625 0.253125 0.11875
0 0.4296875 0.45078125 0.19375 0.109375
0 0.4953125 0.72265625 0.265625 0.1171875
0 0.21796875 0.5328125 0.03125 0.0421875
0 0.21484375 0.50703125 0.025 0.0375
0 0.20859375 0.6390625 0.053125 0.03125
0 0.2234375 0.675 0.040625 0.0484375
0 0.21328125 0.71640625 0.05 0.0453125
0 0.22421875 0.784375 0.05 0.0328125
4 0.21484375 0.5796875 0.040625 0.0375
2 0.32890625 0.628125 0.084375 0.05
2 0.3390625 0.74609375 0.078125 0.0359375
2 0.315625 0.4890625 0.059375 0.034375
2 0.49765625 0.17265625 0.053125 0.0546875
3 0.159375 0.68046875 0.0515625 0.0453125
3 0.16171875 0.753125 0.0578125 0.0421875
3 0.16796875 0.828125 0.05625 0.046875
3 0.16171875 0.5484375 0.04375 0.025
3 0.16015625 0.59765625 0.04375 0.025
1 0.3328125 0.3921875 0.034375 0.021875
1 0.21015625 0.8234375 0.025 0.040625