4 0.43828125 0.18125 0.159375 0.075
4 0.478125 0.2375 0.159375 0.103125
0 0.41015625 0.35078125 0.1875 0.0953125
4 0.32265625 0.346875 0.1984375 0.0828125
0 0.42734375 0.44609375 0.2125 0.109375
4 0.32421875 0.4421875 0.2125 0.0875
0 0.4671875 0.5875 0.253125 0.11875
4 0.35546875 0.5890625 0.2296875 0.125
0 0.50078125 0.73125 0.2859375 0.121875
4 0.3765625 0.72734375 0.24375 0.1125
4 0.2875 0.1671875 0.078125 0.03125
4 0.3078125 0.19453125 0.109375 0.05
0 0.3609375 0.24296875 0.140625 0.0546875
4 0.29296875 0.2359375 0.10625 0.0390625
4 0.1578125 0.52109375 0.0984375 0.040625
4 0.15859375 0.57578125 0.103125 0.0625
4 0.15234375 0.615625 0.1328125 0.0546875
4 0.15859375 0.7515625 0.15625 0.09375
4 0.175 0.5796875 0.059375 0.05625
0 0.53203125 0.31328125 0.1125 0.065625
1 0.18828125 0.83671875 0.021875 0.040625
1 0.31484375 0.375 0.0328125 0.0390625
3 0.146875 0.840625 0.053125 0.05625
3 0.13828125 0.76328125 0.0671875 0.0484375
3 0.13828125 0.68359375 0.065625 0.053125
3 0.13125 0.59609375 0.0578125 0.028125
3 0.1390625 0.5453125 0.0515625 0.028125
2 0.32421875 0.75390625 0.09375 0.046875
2 0.31484375 0.63046875 0.103125 0.053125
2 0.29921875 0.478125 0.0875 0.046875
2 0.2734375 0.40625 0.046875 0.028125
2 0.49140625 0.14140625 0.05 0.0578125