4 0.509375 0.17734375 0.159375 0.075
4 0.46953125 0.2328125 0.159375 0.103125
0 0.5375 0.34609375 0.1875 0.0953125
4 0.625 0.3421875 0.1984375 0.0828125
0 0.5203125 0.44140625 0.2125 0.109375
4 0.6234375 0.4375 0.2125 0.0875
0 0.48125 0.58359375 0.253125 0.11875
4 0.5921875 0.584375 0.2296875 0.125
0 0.446875 0.7265625 0.2859375 0.121875
4 0.57109375 0.72265625 0.24375 0.1125
4 0.66015625 0.1625 0.078125 0.03125
4 0.63984375 0.18984375 0.109375 0.05
0 0.58671875 0.23828125 0.140625 0.0546875
4 0.6546875 0.23125 0.10625 0.0390625
4 0.790625 0.51640625 0.0984375 0.040625
4 0.7890625 0.57109375 0.103125 0.0625
4 0.7953125 0.6109375 0.1328125 0.053125
4 0.7890625 0.746875 0.15625 0.09375
4 0.77265625 0.575 0.059375 0.05625
0 0.415625 0.30859375 0.1125 0.065625
3 0.8015625 0.8359375 0.059375 0.05
3 0.809375 0.7546875 0.0625 0.05
3 0.8125 0.6796875 0.046875 0.046875
3 0.809375 0.54921875 0.0515625 0.0359375
3 0.815625 0.60234375 0.04375 0.03125
1 0.75625 0.8328125 0.01875 0.04375
1 0.6296875 0.37578125 0.025 0.028125
2 0.6359375 0.63203125 0.09375 0.046875
2 0.6296875 0.74609375 0.109375 0.05
2 0.65703125 0.4828125 0.084375 0.0390625
2 0.6609375 0.40078125 0.06875 0.028125
2 0.45625 0.13515625 0.0359375 0.053125
2 0.79609375 0.65 0.046875 0.021875