4 0.27734375 0.4859375 0.0671875 0.14453125
4 0.3859375 0.503125 0.08671875 0.203125
4 0.38203125 0.3484375 0.053125 0.1515625
4 0.44765625 0.34140625 0.07578125 0.2234375
4 0.51953125 0.36640625 0.071875 0.21015625
4 0.0734375 0.57578125 0.04765625 0.14375
4 0.07890625 0.65625 0.0421875 0.1453125
4 0.1140625 0.70859375 0.053125 0.1796875
4 0.1765625 0.75859375 0.096875 0.22421875
4 0.246875 0.875 0.16328125 0.25
4 0.34140625 0.921875 0.14921875 0.15546875
2 0.740625 0.35078125 0.05625 0.10546875
2 0.62734375 0.34296875 0.05859375 0.10078125
2 0.47890625 0.31171875 0.028125 0.07578125
2 0.64609375 0.19609375 0.0390625 0.06484375
3 0.82734375 0.184375 0.04609375 0.05390625
3 0.7484375 0.17890625 0.05078125 0.06328125
3 0.684375 0.1765625 0.0453125 0.06484375
3 0.61171875 0.175 0.04375 0.05703125
3 0.5578125 0.17578125 0.05 0.05546875
2 0.25625 0.3125 0.03046875 0.05703125
2 0.23125 0.31171875 0.0234375 0.05390625
2 0.209375 0.30859375 0.01796875 0.053125
1 0.8234375 0.22578125 0.0390625 0.0171875
1 0.73359375 0.21796875 0.03828125 0.01328125
1 0.60390625 0.2171875 0.0453125 0.02109375
5 0.25625 0.52890625 0.0203125 0.0265625