4 0.215625 0.46640625 0.0671875 0.1109375
4 0.23203125 0.31640625 0.04453125 0.10390625
4 0.27265625 0.3109375 0.02578125 0.11484375
4 0.40703125 0.49921875 0.07734375 0.22890625
4 0.4609375 0.48515625 0.13046875 0.278125
4 0.5328125 0.20703125 0.03515625 0.09140625
4 0.5734375 0.2171875 0.05078125 0.059375
4 0.6171875 0.22265625 0.0484375 0.07421875
4 0.665625 0.234375 0.04765625 0.0609375
4 0.7375 0.2046875 0.078125 0.128125
0 0.63984375 0.634375 0.11796875 0.30625
0 0.590625 0.4671875 0.096875 0.234375
0 0.384375 0.36171875 0.06796875 0.09453125
0 0.45546875 0.39765625 0.08046875 0.1359375
0 0.821875 0.28984375 0.059375 0.1765625
3 0.7515625 0.17421875 0.04453125 0.0609375
3 0.8265625 0.184375 0.04921875 0.04921875
3 0.68125 0.17578125 0.04296875 0.053125
3 0.6125 0.17265625 0.03828125 0.04609375
3 0.56171875 0.17421875 0.03359375 0.040625
2 0.1828125 0.49765625 0.05234375 0.05546875
2 0.21015625 0.303125 0.01484375 0.03984375
2 0.25859375 0.29921875 0.0125 0.03046875
1 0.82265625 0.2265625 0.0390625 0.02890625