4 0.20390625 0.45234375 0.071875 0.153125
4 0.25703125 0.490625 0.1 0.153125
0 0.36640625 0.42578125 0.0921875 0.1796875
4 0.3625 0.340625 0.0796875 0.190625
0 0.4578125 0.4421875 0.10625 0.203125
4 0.45390625 0.34296875 0.084375 0.203125
0 0.59453125 0.4796875 0.1125 0.24375
4 0.5953125 0.37265625 0.1203125 0.2203125
0 0.73203125 0.5125 0.115625 0.275
4 0.72890625 0.39296875 0.109375 0.234375
4 0.1890625 0.30703125 0.03125 0.075
4 0.215625 0.3265625 0.05 0.1046875
0 0.2625 0.378125 0.053125 0.134375
4 0.25546875 0.3125 0.0375 0.1015625
4 0.53046875 0.18203125 0.040625 0.09375
4 0.58203125 0.18359375 0.059375 0.0984375
4 0.62109375 0.17734375 0.0515625 0.128125
4 0.7515625 0.18359375 0.090625 0.15
4 0.58671875 0.19921875 0.0546875 0.0578125
0 0.33046875 0.5421875 0.0625 0.109375
3 0.8390625 0.16875 0.046875 0.0625
3 0.7609375 0.1640625 0.0421875 0.0609375
3 0.68515625 0.1609375 0.0484375 0.0484375
3 0.6015625 0.15625 0.025 0.04375
3 0.55 0.1609375 0.028125 0.0484375
2 0.16640625 0.50625 0.05625 0.04375
2 0.753125 0.33984375 0.040625 0.065625
2 0.6359375 0.33203125 0.046875 0.0875
2 0.49296875 0.3203125 0.040625 0.065625
1 0.38828125 0.3296875 0.03125 0.03125
1 0.834375 0.2140625 0.0375 0.015625