4 0.21875 0.4546875 0.06875 0.14609375
4 0.2703125 0.490625 0.0953125 0.146875
0 0.37421875 0.42890625 0.08828125 0.171875
4 0.37109375 0.34765625 0.0765625 0.18203125
0 0.46171875 0.44453125 0.10078125 0.1953125
4 0.45859375 0.34921875 0.08125 0.1953125
0 0.59296875 0.48046875 0.10859375 0.23203125
4 0.59453125 0.378125 0.11484375 0.2109375
0 0.725 0.51171875 0.11171875 0.26328125
4 0.721875 0.396875 0.10390625 0.225
4 0.2046875 0.315625 0.02890625 0.07109375
4 0.23046875 0.334375 0.046875 0.1
0 0.275 0.38359375 0.05078125 0.1296875
4 0.26796875 0.32109375 0.0359375 0.096875
4 0.53125 0.19609375 0.03828125 0.090625
4 0.58125 0.196875 0.05703125 0.09453125
4 0.61875 0.19140625 0.04921875 0.121875
4 0.74375 0.196875 0.0859375 0.14375
4 0.58515625 0.21171875 0.05234375 0.05546875
0 0.33984375 0.540625 0.06015625 0.10390625
3 0.82578125 0.18515625 0.046875 0.05546875
3 0.75078125 0.178125 0.04609375 0.05703125
3 0.68203125 0.175 0.0421875 0.04375
3 0.56171875 0.17890625 0.03359375 0.04765625
3 0.61015625 0.17265625 0.02890625 0.040625
1 0.8234375 0.2265625 0.0390625 0.0171875
1 0.4015625 0.34296875 0.0265625 0.02265625
2 0.63828125 0.33828125 0.0421875 0.0859375
2 0.74296875 0.34375 0.046875 0.10078125
2 0.5 0.31875 0.0359375 0.0765625
2 0.425 0.31484375 0.0265625 0.06328125
2 0.1796875 0.503125 0.05 0.0328125
2 0.6546875 0.190625 0.02109375 0.0421875