0 0.2 0.465625 0.09296875 0.14375
4 0.21640625 0.46640625 0.06328125 0.115625
4 0.275 0.5015625 0.09296875 0.171875
0 0.3796875 0.42890625 0.0921875 0.175
4 0.3765625 0.353125 0.0796875 0.190625
4 0.47421875 0.3609375 0.09140625 0.21640625
4 0.6125 0.3875 0.10078125 0.2484375
4 0.709375 0.3984375 0.090625 0.23984375
4 0.2125 0.31875 0.0328125 0.08828125
4 0.23359375 0.33515625 0.0359375 0.103125
4 0.2703125 0.31875 0.03984375 0.10390625
4 0.73359375 0.190625 0.08203125 0.128125
4 0.64609375 0.2078125 0.07265625 0.1234375
4 0.52265625 0.2140625 0.03984375 0.05703125
4 0.5875 0.1921875 0.0390625 0.08671875
4 0.62109375 0.2234375 0.04453125 0.0640625
4 0.684375 0.2265625 0.04765625 0.0765625
0 0.346875 0.5421875 0.06171875 0.11953125
0 0.29140625 0.45859375 0.03515625 0.065625
0 0.46171875 0.43828125 0.096875 0.203125
0 0.59609375 0.4875 0.1046875 0.24921875
0 0.7125 0.5125 0.11640625 0.26171875
1 0.821875 0.2203125 0.04140625 0.02265625
1 0.40390625 0.34296875 0.02734375 0.0234375
3 0.75078125 0.17734375 0.04453125 0.05
3 0.82578125 0.18359375 0.05 0.05390625
2 0.65546875 0.1890625 0.021875 0.03984375
3 0.67890625 0.1734375 0.0453125 0.053125
3 0.61015625 0.17421875 0.03046875 0.05
3 0.56171875 0.17890625 0.0359375 0.034375
2 0.496875 0.3171875 0.0359375 0.07109375
2 0.63671875 0.33515625 0.04765625 0.08359375
2 0.7421875 0.3484375 0.05390625 0.1015625
2 0.42265625 0.30859375 0.03125 0.06640625