0 0.465625 0.2 0.14375 0.09375
4 0.46640625 0.21640625 0.115625 0.0625
4 0.5015625 0.275 0.171875 0.09375
0 0.42890625 0.3796875 0.175 0.0921875
4 0.353125 0.3765625 0.190625 0.0796875
4 0.3609375 0.47421875 0.215625 0.090625
4 0.3875 0.6125 0.2484375 0.1
4 0.3984375 0.709375 0.240625 0.090625
4 0.31875 0.2125 0.0875 0.0328125
4 0.33515625 0.23359375 0.103125 0.0359375
4 0.31875 0.2703125 0.103125 0.040625
4 0.190625 0.73359375 0.128125 0.0828125
4 0.2078125 0.64609375 0.1234375 0.071875
4 0.2140625 0.52265625 0.05625 0.040625
4 0.1921875 0.5875 0.0875 0.0390625
4 0.2234375 0.62109375 0.0640625 0.04375
4 0.2265625 0.684375 0.0765625 0.046875
0 0.5421875 0.346875 0.11875 0.0625
0 0.45859375 0.29140625 0.065625 0.034375
0 0.43828125 0.46171875 0.203125 0.096875
0 0.4875 0.59609375 0.25 0.1046875
0 0.5125 0.7125 0.2625 0.115625
1 0.2203125 0.821875 0.021875 0.040625
1 0.34296875 0.40390625 0.0234375 0.028125
3 0.17734375 0.75078125 0.05 0.04375
3 0.18359375 0.82578125 0.053125 0.05
2 0.1890625 0.65546875 0.040625 0.021875
3 0.1734375 0.67890625 0.053125 0.0453125
3 0.17421875 0.61015625 0.05 0.03125
3 0.17890625 0.56171875 0.034375 0.0359375
2 0.3171875 0.496875 0.071875 0.0359375
2 0.33515625 0.63671875 0.084375 0.046875
2 0.3484375 0.7421875 0.1015625 0.053125
2 0.30859375 0.42265625 0.065625 0.03125