4 0.68203125 0.62421875 0.1359375 0.065625
4 0.715625 0.5578125 0.125 0.071875
4 0.31171875 0.909375 0.175 0.053125
4 0.384375 0.94765625 0.103125 0.0328125
4 0.07109375 0.69453125 0.1421875 0.08125
4 0.5203125 0.6234375 0.1453125 0.1
4 0.52421875 0.74140625 0.1328125 0.059375
4 0.675 0.48203125 0.1671875 0.0625
5 0.48203125 0.75625 0.025 0.0234375
1 0.80546875 0.159375 0.021875 0.046875
1 0.8140625 0.253125 0.01875 0.0421875
1 0.81640625 0.39375 0.025 0.05
1 0.67890625 0.60234375 0.034375 0.01875
3 0.84765625 0.153125 0.0625 0.05
3 0.85625 0.2375 0.065625 0.053125
3 0.85546875 0.30703125 0.059375 0.0515625
3 0.85703125 0.3828125 0.05 0.0484375
3 0.853125 0.43671875 0.0515625 0.05
2 0.82890625 0.3453125 0.078125 0.03125
2 0.6734375 0.2453125 0.1 0.0625
2 0.68359375 0.36328125 0.0953125 0.0625
2 0.70078125 0.52109375 0.078125 0.03125
2 0.71328125 0.75703125 0.0625 0.03125
2 0.7125 0.784375 0.0625 0.025
2 0.7140625 0.8109375 0.0625 0.021875