4 0.209375 0.47109375 0.0671875 0.1140625
4 0.27421875 0.48515625 0.06484375 0.1515625
4 0.51171875 0.2015625 0.04296875 0.10546875
4 0.5578125 0.215625 0.0390625 0.06640625
4 0.61015625 0.22578125 0.03203125 0.03984375
4 0.6625 0.23125 0.03984375 0.05625
4 0.7421875 0.19296875 0.07890625 0.121875
4 0.6703125 0.184375 0.05390625 0.06328125
4 0.621875 0.17109375 0.04609375 0.13515625
4 0.5875 0.18046875 0.0265625 0.0703125
0 0.73046875 0.4796875 0.09375 0.253125
0 0.60546875 0.475 0.09921875 0.23359375
0 0.49921875 0.4515625 0.09453125 0.20703125
0 0.39375 0.42265625 0.08828125 0.1734375
0 0.28125 0.37578125 0.046875 0.1234375
0 0.2421875 0.36796875 0.04453125 0.10703125
0 0.34453125 0.54296875 0.06328125 0.10703125
3 0.75078125 0.1765625 0.0421875 0.05703125
3 0.82421875 0.18671875 0.0484375 0.05859375
3 0.684375 0.1703125 0.03671875 0.05546875
3 0.56171875 0.17421875 0.03984375 0.04375
2 0.2078125 0.30859375 0.02265625 0.0453125
2 0.2578125 0.3109375 0.028125 0.04765625
2 0.63125 0.3421875 0.06015625 0.08359375
2 0.7390625 0.35625 0.0546875 0.1015625
2 0.18359375 0.50234375 0.053125 0.0515625
1 0.82265625 0.22578125 0.0421875 0.01953125