4 0.77890625 0.46953125 0.0734375 0.1265625
4 0.58125 0.48671875 0.0765625 0.2296875
4 0.528125 0.48515625 0.146875 0.2921875
4 0.76328125 0.3046875 0.040625 0.096875
4 0.72421875 0.296875 0.034375 0.0875
4 0.44921875 0.1890625 0.0390625 0.084375
4 0.396875 0.20625 0.034375 0.0734375
4 0.36640625 0.21328125 0.053125 0.075
4 0.31171875 0.21015625 0.040625 0.053125
4 0.24140625 0.1859375 0.0953125 0.121875
4 0.4 0.16796875 0.040625 0.0625
0 0.3921875 0.4703125 0.09375 0.2375
0 0.334375 0.63515625 0.1109375 0.321875
0 0.15234375 0.275 0.0609375 0.171875
0 0.6484375 0.5421875 0.059375 0.1125
0 0.61875 0.3421875 0.05 0.05625
3 0.421875 0.16328125 0.0359375 0.04375
3 0.36640625 0.15703125 0.0421875 0.05
3 0.296875 0.1578125 0.05 0.0625
3 0.22421875 0.16328125 0.046875 0.059375
3 0.1453125 0.17265625 0.05 0.0546875
2 0.81171875 0.49921875 0.05 0.0546875
1 0.15 0.20859375 0.04375 0.0328125