4 0.21875 0.4546875 0.06875 0.14609375
4 0.2703125 0.490625 0.0953125 0.146875
0 0.37421875 0.42890625 0.08828125 0.171875
4 0.37109375 0.34765625 0.0765625 0.18203125
0 0.46171875 0.44453125 0.10078125 0.1953125
4 0.45859375 0.34921875 0.08125 0.1953125
0 0.59296875 0.48046875 0.10859375 0.23203125
4 0.59453125 0.378125 0.11484375 0.2109375
0 0.725 0.51171875 0.11171875 0.26328125
4 0.721875 0.396875 0.10390625 0.225
4 0.2046875 0.315625 0.02890625 0.07109375
4 0.23046875 0.334375 0.046875 0.1
0 0.275 0.38359375 0.05078125 0.1296875
4 0.26796875 0.32109375 0.0359375 0.096875
4 0.53125 0.19609375 0.03828125 0.090625
4 0.58125 0.196875 0.05703125 0.09453125
4 0.61875 0.19140625 0.04921875 0.121875
4 0.74375 0.196875 0.0859375 0.14375
4 0.58515625 0.21171875 0.05234375 0.05546875
0 0.33984375 0.540625 0.06015625 0.10390625
2 0.65625 0.19140625 0.0203125 0.040625
2 0.740625 0.346875 0.05 0.1015625
2 0.6375 0.33671875 0.046875 0.078125
2 0.49765625 0.31484375 0.0390625 0.06875
2 0.421875 0.31328125 0.03359375 0.0609375
2 0.1828125 0.50234375 0.0484375 0.03984375
3 0.828125 0.1859375 0.0453125 0.05390625
3 0.75234375 0.1765625 0.0375 0.05703125
3 0.6796875 0.1734375 0.046875 0.053125
3 0.6078125 0.17421875 0.03671875 0.04921875
3 0.5625 0.17734375 0.03125 0.0421875
1 0.8203125 0.2265625 0.0421875 0.01875