4 0.4546875 0.7984375 0.1265625 0.0734375
4 0.47109375 0.60078125 0.2296875 0.0765625
4 0.46953125 0.54765625 0.2921875 0.146875
4 0.2890625 0.7828125 0.096875 0.040625
4 0.28125 0.74375 0.0875 0.034375
4 0.1734375 0.46875 0.084375 0.0390625
4 0.190625 0.41640625 0.0734375 0.034375
4 0.1984375 0.3859375 0.075 0.053125
4 0.19453125 0.33125 0.053125 0.040625
4 0.1703125 0.26015625 0.121875 0.0953125
4 0.153125 0.41953125 0.0625 0.040625
0 0.4546875 0.41171875 0.2375 0.09375
0 0.61953125 0.353125 0.321875 0.1109375
0 0.259375 0.171875 0.171875 0.0609375
0 0.5265625 0.6671875 0.1125 0.059375
0 0.3265625 0.63828125 0.05625 0.05
3 0.14765625 0.44140625 0.04375 0.0359375
3 0.14140625 0.38515625 0.05 0.0421875
3 0.14296875 0.315625 0.0625 0.05
3 0.14765625 0.24375 0.059375 0.046875
3 0.15703125 0.16484375 0.0546875 0.05
2 0.484375 0.83125 0.0546875 0.05
1 0.19296875 0.16953125 0.0328125 0.04375