4 0.91171875 0.203125 0.175 0.1078125
4 0.80234375 0.140625 0.2125 0.06875
4 0.36328125 0.38203125 0.1375 0.065625
4 0.328125 0.44921875 0.128125 0.071875
4 0.73984375 0.09140625 0.178125 0.053125
4 0.665625 0.05234375 0.10625 0.0328125
4 0.95546875 0.309375 0.0890625 0.08125
4 0.534375 0.384375 0.196875 0.0859375
4 0.52265625 0.2625 0.134375 0.0609375
4 0.36953125 0.5265625 0.1703125 0.065625
0 0.5109375 0.60234375 0.265625 0.11875
0 0.4890625 0.51640625 0.234375 0.1
0 0.4734375 0.45078125 0.21875 0.1
0 0.4046875 0.35078125 0.078125 0.034375
0 0.234375 0.5140625 0.0546875 0.0390625
0 0.23984375 0.56171875 0.046875 0.046875
0 0.221875 0.58046875 0.053125 0.034375
0 0.24609375 0.628125 0.0328125 0.046875
0 0.234375 0.67578125 0.053125 0.03125
0 0.24921875 0.7109375 0.04375 0.053125
0 0.2515625 0.80703125 0.053125 0.0515625
0 0.3984375 0.20078125 0.1296875 0.0390625
0 0.40078125 0.23125 0.153125 0.053125
0 0.40625 0.26484375 0.1625 0.059375
2 0.375 0.76484375 0.10625 0.0609375
2 0.36875 0.646875 0.0984375 0.059375
2 0.3375 0.48515625 0.071875 0.0296875
1 0.2375 0.8546875 0.028125 0.040625
1 0.2296875 0.759375 0.025 0.0375
1 0.225 0.61796875 0.0203125 0.040625
3 0.19296875 0.859375 0.053125 0.0546875
3 0.18828125 0.77578125 0.0625 0.05
3 0.1859375 0.70390625 0.05625 0.05
3 0.184375 0.62734375 0.059375 0.04375
3 0.18671875 0.571875 0.046875 0.046875
2 0.209375 0.6640625 0.0625 0.0375
2 0.3296875 0.24609375 0.05625 0.028125
2 0.3265625 0.21953125 0.053125 0.025
2 0.325 0.1921875 0.059375 0.0203125
5 0.565625 0.24609375 0.021875 0.025