4 0.4609375 0.803125 0.153125 0.071875
4 0.49921875 0.74921875 0.153125 0.1
0 0.434375 0.640625 0.1796875 0.0921875
4 0.35 0.64375 0.190625 0.0796875
0 0.45078125 0.54921875 0.203125 0.10625
4 0.3515625 0.55234375 0.203125 0.084375
0 0.48828125 0.4125 0.24375 0.1125
4 0.38125 0.4109375 0.2203125 0.1203125
0 0.52109375 0.27421875 0.275 0.115625
4 0.4015625 0.278125 0.234375 0.109375
4 0.315625 0.8171875 0.075 0.03125
4 0.3359375 0.790625 0.1046875 0.05
0 0.38671875 0.74375 0.134375 0.053125
4 0.321875 0.75078125 0.1015625 0.0375
4 0.190625 0.4765625 0.09375 0.040625
4 0.1921875 0.42421875 0.0984375 0.059375
4 0.1859375 0.38515625 0.128125 0.0515625
4 0.1921875 0.2546875 0.15 0.090625
4 0.2078125 0.4203125 0.0578125 0.0546875
0 0.5515625 0.6765625 0.109375 0.0625
3 0.1796875 0.16953125 0.0578125 0.05
3 0.17265625 0.24765625 0.059375 0.0484375
3 0.16953125 0.31953125 0.0453125 0.04375
3 0.17265625 0.4453125 0.05 0.034375
3 0.16640625 0.39375 0.04375 0.03125
1 0.2234375 0.171875 0.01875 0.040625
1 0.3453125 0.61171875 0.0234375 0.028125
2 0.33984375 0.36484375 0.090625 0.04375
2 0.3453125 0.25546875 0.1046875 0.05
2 0.31953125 0.509375 0.08125 0.0375
2 0.315625 0.5875 0.065625 0.028125
2 0.5125 0.84375 0.034375 0.053125
2 0.18515625 0.34765625 0.04375 0.021875