4 0.98671875 0.57421875 0.0265625 0.1328125
4 0.97109375 0.6765625 0.046875 0.153125
4 0.92421875 0.78359375 0.0546875 0.178125
4 0.88125 0.8265625 0.053125 0.215625
4 0.815625 0.8921875 0.1125 0.215625
4 0.6828125 0.93359375 0.1515625 0.1328125
4 0.75234375 0.49140625 0.0640625 0.153125
4 0.7171875 0.503125 0.071875 0.14375
4 0.6546875 0.5265625 0.075 0.196875
4 0.63671875 0.33515625 0.05 0.1578125
4 0.58046875 0.3296875 0.06875 0.15625
1 0.1578125 0.2015625 0.04375 0.028125
1 0.2515625 0.19375 0.034375 0.0203125
1 0.3953125 0.19375 0.04375 0.0171875
2 0.246875 0.340625 0.0640625 0.103125
2 0.36640625 0.3296875 0.059375 0.109375
2 0.53359375 0.30859375 0.040625 0.10625
2 0.3484375 0.16953125 0.0390625 0.065625
2 0.77109375 0.30078125 0.028125 0.0546875
2 0.79921875 0.2953125 0.025 0.05625
2 0.82734375 0.29375 0.021875 0.0609375
3 0.1515625 0.1578125 0.059375 0.059375
3 0.2359375 0.1515625 0.053125 0.0609375
3 0.30859375 0.15078125 0.0546875 0.065625
3 0.3859375 0.14765625 0.046875 0.0625
3 0.4421875 0.15234375 0.05 0.04375