4 0.6140625 0.34140625 0.0609375 0.128125
4 0.5515625 0.309375 0.0671875 0.11875
4 0.88515625 0.6921875 0.05 0.165625
4 0.92109375 0.6234375 0.03125 0.0984375
4 0.68125 0.9265625 0.0765625 0.146875
4 0.61328125 0.49453125 0.09375 0.1375
4 0.72578125 0.490625 0.05625 0.125
4 0.4796875 0.34765625 0.059375 0.159375
5 0.73984375 0.53125 0.021875 0.025
1 0.17421875 0.22421875 0.04375 0.0203125
1 0.2625 0.21640625 0.040625 0.0171875
1 0.39609375 0.2140625 0.046875 0.021875
1 0.59375 0.34453125 0.0171875 0.034375
3 0.16796875 0.184375 0.046875 0.059375
3 0.2484375 0.17578125 0.05 0.0609375
3 0.3140625 0.17734375 0.0484375 0.05625
3 0.3859375 0.175 0.0453125 0.046875
3 0.43671875 0.1796875 0.046875 0.05
2 0.35 0.20234375 0.03125 0.075
2 0.25546875 0.34921875 0.059375 0.09375
2 0.3671875 0.33984375 0.059375 0.090625
2 0.5171875 0.3234375 0.028125 0.075
2 0.740625 0.31171875 0.028125 0.059375
2 0.76640625 0.3125 0.0234375 0.059375
2 0.7921875 0.3109375 0.021875 0.059375