4 0.384375 0.340625 0.0609375 0.128125
4 0.44609375 0.30859375 0.0671875 0.11796875
4 0.11484375 0.6890625 0.04921875 0.16484375
4 0.07890625 0.62109375 0.03046875 0.0984375
4 0.31796875 0.92421875 0.07578125 0.15078125
4 0.38515625 0.49296875 0.09375 0.13671875
4 0.2734375 0.4890625 0.05703125 0.125
4 0.51796875 0.346875 0.06015625 0.15703125
5 0.259375 0.52890625 0.02265625 0.0234375
1 0.821875 0.22421875 0.04296875 0.01953125
1 0.734375 0.21640625 0.0390625 0.0171875
1 0.6015625 0.21328125 0.04609375 0.02265625
1 0.4046875 0.34296875 0.0171875 0.0328125
3 0.828125 0.184375 0.04765625 0.059375
3 0.7484375 0.17578125 0.04921875 0.0609375
3 0.6828125 0.17734375 0.0484375 0.05546875
3 0.6109375 0.175 0.0453125 0.04609375
3 0.5609375 0.17890625 0.046875 0.04921875
2 0.646875 0.20234375 0.03046875 0.07421875
2 0.74140625 0.3484375 0.059375 0.09375
2 0.63046875 0.33828125 0.0578125 0.08984375
2 0.48125 0.32265625 0.02890625 0.07421875
2 0.25859375 0.3109375 0.02890625 0.05859375
2 0.23359375 0.31171875 0.0234375 0.059375
2 0.2078125 0.31015625 0.02109375 0.059375