4 0.27109375 0.48671875 0.08046875 0.1140625
4 0.21484375 0.4625 0.0640625 0.109375
4 0.72265625 0.16953125 0.04609375 0.06640625
4 0.575 0.1921875 0.03828125 0.06953125
4 0.62421875 0.1984375 0.03671875 0.10078125
4 0.52734375 0.19140625 0.0375 0.05546875
0 0.37578125 0.425 0.09296875 0.18671875
4 0.37109375 0.34453125 0.0609375 0.153125
4 0.44609375 0.33359375 0.0671875 0.16796875
4 0.59765625 0.3421875 0.08046875 0.1515625
4 0.72578125 0.3578125 0.090625 0.15390625
4 0.23359375 0.334375 0.03515625 0.09453125
4 0.26875 0.31171875 0.03046875 0.08203125
4 0.2078125 0.3140625 0.02109375 0.05859375
4 0.2375 0.28046875 0.01796875 0.03671875
0 0.3421875 0.5390625 0.06484375 0.10546875
0 0.59296875 0.4796875 0.11640625 0.246875
0 0.45703125 0.43984375 0.10703125 0.18984375
0 0.72265625 0.50390625 0.11484375 0.2609375
0 0.5375 0.23203125 0.04140625 0.03125
0 0.5125 0.22890625 0.0359375 0.02421875
0 0.64140625 0.22265625 0.0296875 0.05078125
0 0.6765625 0.2375 0.04765625 0.03984375
0 0.7171875 0.228125 0.04453125 0.04921875
0 0.78359375 0.23828125 0.03203125 0.0484375
4 0.5828125 0.22890625 0.03671875 0.03984375
2 0.63046875 0.340625 0.05 0.08359375
2 0.74609375 0.35078125 0.03515625 0.0765625
2 0.49453125 0.328125 0.0328125 0.05859375
2 0.184375 0.50625 0.05390625 0.0515625
3 0.68203125 0.17421875 0.04453125 0.05
3 0.753125 0.1765625 0.04140625 0.05703125
3 0.8265625 0.18359375 0.04609375 0.05390625
3 0.553125 0.1765625 0.025 0.04375
3 0.60078125 0.175 0.025 0.04375
1 0.39921875 0.34453125 0.02265625 0.0328125
1 0.821875 0.22421875 0.040625 0.025