4 0.72734375 0.48515625 0.06875 0.146875
4 0.61796875 0.5015625 0.0875 0.2046875
4 0.62109375 0.3453125 0.053125 0.153125
4 0.5546875 0.33828125 0.0765625 0.225
4 0.48203125 0.3640625 0.071875 0.2125
4 0.93359375 0.57578125 0.046875 0.1453125
4 0.928125 0.65703125 0.04375 0.146875
4 0.8921875 0.71015625 0.053125 0.18125
4 0.82890625 0.7609375 0.096875 0.2265625
4 0.7578125 0.87578125 0.165625 0.2484375
4 0.66328125 0.92265625 0.1515625 0.1546875
2 0.259375 0.34765625 0.05625 0.10625
2 0.3734375 0.33984375 0.059375 0.1015625
2 0.5234375 0.30859375 0.028125 0.0765625
2 0.3546875 0.1921875 0.0390625 0.065625
3 0.17109375 0.1796875 0.046875 0.0546875
3 0.25078125 0.17421875 0.05 0.0640625
3 0.31640625 0.171875 0.046875 0.065625
3 0.3890625 0.1703125 0.04375 0.0578125
3 0.44375 0.17109375 0.05 0.05625
2 0.7484375 0.31015625 0.03125 0.0578125
2 0.77421875 0.30859375 0.0234375 0.0546875
2 0.79609375 0.30546875 0.01875 0.053125
1 0.17578125 0.221875 0.040625 0.0171875
1 0.26640625 0.2140625 0.0375 0.0125
1 0.396875 0.2125 0.046875 0.021875
5 0.7484375 0.528125 0.0203125 0.0265625