4 0.22109375 0.4515625 0.0734375 0.125
4 0.2921875 0.46796875 0.071875 0.165625
4 0.5515625 0.15703125 0.046875 0.115625
4 0.60234375 0.1734375 0.04375 0.071875
4 0.65859375 0.184375 0.034375 0.04375
4 0.71640625 0.18984375 0.04375 0.0625
4 0.803125 0.14765625 0.0875 0.134375
4 0.725 0.1390625 0.059375 0.06875
4 0.671875 0.12421875 0.05 0.146875
4 0.634375 0.134375 0.028125 0.0765625
0 0.790625 0.46171875 0.103125 0.2765625
0 0.65390625 0.45625 0.1078125 0.2546875
0 0.5375 0.43046875 0.103125 0.2265625
0 0.42265625 0.39921875 0.096875 0.1890625
0 0.3 0.3484375 0.0515625 0.134375
0 0.25703125 0.33984375 0.0484375 0.1171875
0 0.36875 0.53046875 0.06875 0.1171875
3 0.81328125 0.13046875 0.046875 0.0625
3 0.8921875 0.14140625 0.053125 0.0625
3 0.73984375 0.1234375 0.040625 0.0609375
3 0.60625 0.12734375 0.04375 0.046875
2 0.21953125 0.27421875 0.025 0.05
2 0.27421875 0.27734375 0.03125 0.053125
2 0.68203125 0.3109375 0.065625 0.090625
2 0.8 0.3265625 0.059375 0.1125
2 0.19296875 0.4859375 0.0578125 0.05625
1 0.890625 0.18359375 0.046875 0.021875