4 0.38828125 0.340625 0.053125 0.128125
4 0.43671875 0.3171875 0.0671875 0.11796875
4 0.35859375 0.51171875 0.0640625 0.1796875
4 0.2390625 0.46328125 0.05078125 0.125
4 0.290625 0.48828125 0.05390625 0.1359375
4 0.21484375 0.32265625 0.03046875 0.08671875
0 0.7203125 0.4984375 0.10390625 0.26796875
0 0.5953125 0.4734375 0.11015625 0.23984375
0 0.45234375 0.43828125 0.09453125 0.20625
0 0.453125 0.44453125 0.09921875 0.203125
0 0.35703125 0.41171875 0.065625 0.096875
0 0.353125 0.39609375 0.0546875 0.084375
0 0.5078125 0.2203125 0.04296875 0.0515625
0 0.55390625 0.23203125 0.04609375 0.0484375
0 0.5703125 0.2140625 0.03671875 0.0640625
0 0.63203125 0.2359375 0.03828125 0.04296875
0 0.66015625 0.21953125 0.0328125 0.04609375
0 0.765625 0.2390625 0.02421875 0.03671875
0 0.71953125 0.21796875 0.02734375 0.05546875
0 0.26796875 0.36796875 0.05546875 0.09375
3 0.82734375 0.1828125 0.0484375 0.06328125
3 0.746875 0.178125 0.04921875 0.05390625
3 0.68125 0.1734375 0.04609375 0.04765625
3 0.61171875 0.17734375 0.0453125 0.04765625
3 0.5609375 0.17734375 0.03984375 0.0421875
2 0.6296875 0.34140625 0.0578125 0.0875
2 0.48515625 0.32421875 0.034375 0.0875
2 0.74140625 0.3515625 0.05546875 0.096875
2 0.64453125 0.19296875 0.03671875 0.053125
2 0.259375 0.3078125 0.025 0.04609375
2 0.234375 0.30546875 0.01484375 0.0421875
1 0.821875 0.22265625 0.0421875 0.02265625
1 0.603125 0.21171875 0.0390625 0.02109375
1 0.67890625 0.21796875 0.02109375 0.01953125
1 0.4015625 0.34296875 0.0265625 0.02890625