4 0.240625 0.82265625 0.184375 0.090625
4 0.1109375 0.75859375 0.221875 0.1546875
4 0.06484375 0.6640625 0.1296875 0.121875
4 0.49453125 0.72265625 0.146875 0.071875
4 0.46484375 0.6125 0.184375 0.0875
4 0.63984375 0.61484375 0.159375 0.0734375
4 0.6390625 0.55234375 0.209375 0.0875
4 0.61484375 0.46640625 0.209375 0.0796875
3 0.8140625 0.14765625 0.05625 0.053125
3 0.81875 0.228125 0.05625 0.053125
3 0.8203125 0.29765625 0.0484375 0.0484375
3 0.81796875 0.37265625 0.040625 0.0421875
3 0.81640625 0.42421875 0.05625 0.04375
2 0.7984375 0.33515625 0.059375 0.034375
2 0.63828125 0.23828125 0.0984375 0.0578125
2 0.64296875 0.35078125 0.0828125 0.05625
2 0.67890625 0.509375 0.071875 0.0328125
2 0.6765625 0.740625 0.05625 0.0265625
2 0.68046875 0.76640625 0.05 0.0234375
2 0.68203125 0.79453125 0.0453125 0.021875
2 0.4625 0.7984375 0.04375 0.05
5 0.44921875 0.740625 0.01875 0.0234375
1 0.7734375 0.14921875 0.0234375 0.04375
1 0.784375 0.2453125 0.0265625 0.0390625
1 0.7796875 0.37890625 0.015625 0.04375