4 0.4421875 0.159375 0.125 0.075
4 0.4578125 0.23125 0.16875 0.071875
4 0.14375 0.49375 0.1171875 0.046875
4 0.16015625 0.5453125 0.0734375 0.04375
4 0.17109375 0.60234375 0.04375 0.034375
4 0.1765625 0.66015625 0.0625 0.04375
4 0.134375 0.7484375 0.134375 0.0875
4 0.12578125 0.66953125 0.06875 0.059375
4 0.1109375 0.615625 0.15 0.0515625
4 0.1203125 0.57734375 0.078125 0.0296875
0 0.4515625 0.7359375 0.2796875 0.103125
0 0.446875 0.596875 0.2578125 0.109375
0 0.4203125 0.48046875 0.2296875 0.103125
0 0.3890625 0.3640625 0.190625 0.096875
0 0.33671875 0.2390625 0.1359375 0.0515625
0 0.328125 0.19609375 0.11875 0.05
0 0.521875 0.30859375 0.11875 0.06875
3 0.11640625 0.75859375 0.0625 0.046875
3 0.12734375 0.8390625 0.0640625 0.053125
3 0.11015625 0.684375 0.0625 0.040625
3 0.11328125 0.54921875 0.0484375 0.04375
2 0.2625 0.1578125 0.05 0.025
2 0.26484375 0.2140625 0.053125 0.03125
2 0.29921875 0.62578125 0.0921875 0.065625
2 0.315625 0.7453125 0.1125 0.059375
2 0.4765625 0.13125 0.05625 0.059375
1 0.1703125 0.8375 0.021875 0.046875