4 0.75234375 0.478125 0.06875 0.171875
4 0.8171875 0.4484375 0.06875 0.115625
4 0.38828125 0.18984375 0.0453125 0.053125
4 0.3390625 0.196875 0.0375 0.0546875
4 0.25390625 0.14375 0.084375 0.121875
4 0.42578125 0.15546875 0.028125 0.059375
4 0.45625 0.178125 0.03125 0.0609375
4 0.33203125 0.1515625 0.046875 0.065625
4 0.37890625 0.1375 0.04375 0.14375
4 0.42109375 0.140625 0.028125 0.04375
4 0.4984375 0.1671875 0.040625 0.09375
0 0.6796875 0.5328125 0.053125 0.1296875
0 0.62890625 0.3890625 0.090625 0.19375
0 0.51171875 0.4296875 0.090625 0.225
0 0.39921875 0.465625 0.1046875 0.25625
0 0.2625 0.46875 0.0984375 0.28125
0 0.746875 0.3515625 0.05625 0.1390625
0 0.79140625 0.346875 0.05 0.109375
0 0.17265625 0.25625 0.065625 0.178125
3 0.1640625 0.15859375 0.05 0.071875
3 0.24609375 0.1421875 0.046875 0.05625
3 0.3171875 0.13828125 0.046875 0.05
3 0.4484375 0.1421875 0.0375 0.0453125
2 0.2609375 0.33515625 0.0609375 0.096875
2 0.37109375 0.3234375 0.05625 0.090625
2 0.77109375 0.28359375 0.0328125 0.05625
2 0.82265625 0.2828125 0.01875 0.05
5 0.78984375 0.3 0.0125 0.025
2 0.85234375 0.490625 0.05 0.053125
1 0.17109375 0.19296875 0.04375 0.021875