4 0.46796875 0.53359375 0.25 0.103125
4 0.475 0.609375 0.2125 0.08125
4 0.4640625 0.81171875 0.115625 0.06875
4 0.209375 0.3875 0.053125 0.04375
4 0.2125 0.334375 0.053125 0.0375
4 0.17890625 0.26328125 0.09375 0.078125
4 0.175 0.42421875 0.059375 0.028125
4 0.1796875 0.46875 0.04375 0.03125
4 0.30625 0.796875 0.09375 0.0359375
0 0.6453125 0.3546875 0.33125 0.10625
0 0.47578125 0.41640625 0.246875 0.103125
0 0.28203125 0.17109375 0.190625 0.0625
0 0.38359375 0.74375 0.1625 0.053125
0 0.3859375 0.78984375 0.121875 0.05625
3 0.17265625 0.16484375 0.05625 0.05
3 0.1625 0.2453125 0.065625 0.04375
3 0.1625 0.31953125 0.0515625 0.046875
3 0.1625 0.39296875 0.0484375 0.0421875
3 0.16171875 0.446875 0.04375 0.0375
2 0.29765625 0.815625 0.0359375 0.015625
2 0.5046875 0.8453125 0.0484375 0.05
2 0.29296875 0.765625 0.0359375 0.0171875
1 0.21171875 0.16953125 0.01875 0.04375