4 0.215625 0.47265625 0.07109375 0.121875
4 0.40625 0.4890625 0.0734375 0.22109375
4 0.45703125 0.4875 0.140625 0.28125
4 0.23046875 0.31328125 0.03828125 0.09296875
4 0.26875 0.30625 0.03203125 0.08515625
4 0.53359375 0.20234375 0.0375 0.08125
4 0.58359375 0.21875 0.03359375 0.0703125
4 0.6125 0.22578125 0.05234375 0.071875
4 0.665625 0.22265625 0.0390625 0.0515625
4 0.73359375 0.19921875 0.0921875 0.11640625
4 0.58046875 0.18203125 0.03984375 0.06015625
0 0.58828125 0.4734375 0.090625 0.2296875
0 0.64453125 0.63203125 0.10703125 0.31015625
0 0.81953125 0.28515625 0.05859375 0.165625
0 0.34140625 0.54296875 0.05703125 0.109375
0 0.36953125 0.34921875 0.04921875 0.0546875
3 0.56015625 0.17734375 0.03515625 0.0421875
3 0.61328125 0.17109375 0.040625 0.04921875
3 0.68046875 0.17265625 0.0484375 0.059375
3 0.75 0.17734375 0.0453125 0.05859375
3 0.82578125 0.18671875 0.04921875 0.053125
2 0.184375 0.5015625 0.0484375 0.053125
1 0.82109375 0.22109375 0.04296875 0.03203125