4 0.546875 0.784375 0.146875 0.06875
4 0.51015625 0.7328125 0.146875 0.096875
0 0.57265625 0.628125 0.1734375 0.0875
4 0.65390625 0.63125 0.184375 0.078125
0 0.55703125 0.53984375 0.196875 0.1015625
4 0.65234375 0.54296875 0.196875 0.08125
0 0.5203125 0.4078125 0.234375 0.109375
4 0.62421875 0.40703125 0.2125 0.115625
0 0.4890625 0.27578125 0.2640625 0.1125
4 0.60390625 0.27890625 0.2265625 0.1046875
4 0.68671875 0.7984375 0.071875 0.0296875
4 0.66796875 0.77265625 0.1 0.046875
0 0.61796875 0.728125 0.13125 0.05
4 0.68125 0.734375 0.096875 0.0359375
4 0.80703125 0.46953125 0.090625 0.0375
4 0.80546875 0.41953125 0.0953125 0.05625
4 0.81171875 0.38203125 0.121875 0.05
4 0.80546875 0.25625 0.14375 0.0875
4 0.790625 0.415625 0.05625 0.053125
0 0.46015625 0.6625 0.103125 0.0609375
2 0.81171875 0.34375 0.040625 0.0203125
2 0.6546875 0.259375 0.103125 0.05
2 0.66484375 0.36328125 0.078125 0.046875
2 0.6875 0.50390625 0.06875 0.0390625
2 0.68828125 0.5796875 0.0609375 0.034375
2 0.4984375 0.8203125 0.040625 0.0484375
3 0.8171875 0.17109375 0.0546875 0.0453125
3 0.82578125 0.24765625 0.05625 0.0375
3 0.8296875 0.32109375 0.053125 0.046875
3 0.82890625 0.39375 0.05 0.0375
3 0.82578125 0.4390625 0.0421875 0.03125
1 0.7765625 0.1796875 0.01875 0.04375