4 0.21796875 0.8796875 0.1 0.22421875
4 0.1609375 0.746875 0.0640625 0.19609375
4 0.384375 0.340625 0.0609375 0.128125
4 0.44609375 0.30859375 0.0671875 0.11796875
4 0.11484375 0.6890625 0.04921875 0.16484375
4 0.07890625 0.62109375 0.03046875 0.0984375
4 0.31796875 0.92421875 0.07578125 0.15078125
4 0.38671875 0.49921875 0.0796875 0.18203125
4 0.2734375 0.4890625 0.05703125 0.125
4 0.51796875 0.346875 0.06015625 0.15703125
0 0.58828125 0.478125 0.1109375 0.24609375
0 0.509375 0.45703125 0.09296875 0.21796875
0 0.4484375 0.44296875 0.0921875 0.2015625
0 0.35546875 0.3796875 0.03203125 0.0734375
0 0.50703125 0.22109375 0.03671875 0.05078125
0 0.5515625 0.2265625 0.04453125 0.04375
0 0.56875 0.21015625 0.03203125 0.05
0 0.6125 0.23203125 0.04296875 0.03046875
0 0.65703125 0.221875 0.028125 0.0484375
0 0.6890625 0.23515625 0.04921875 0.03984375
0 0.778125 0.2375 0.04765625 0.05
0 0.21640625 0.3734375 0.0359375 0.1203125
0 0.24453125 0.37578125 0.04921875 0.14296875
0 0.27578125 0.38125 0.05546875 0.15078125
2 0.73984375 0.3515625 0.05625 0.09765625
2 0.6296875 0.34609375 0.05546875 0.09140625
2 0.48046875 0.3171875 0.02734375 0.06640625
1 0.82265625 0.22421875 0.0390625 0.025
1 0.734375 0.21796875 0.0359375 0.02265625
1 0.603125 0.21328125 0.0390625 0.01875
3 0.8265625 0.18359375 0.05078125 0.04921875
3 0.74921875 0.17890625 0.04609375 0.05703125
3 0.6828125 0.1765625 0.04609375 0.0515625
3 0.61171875 0.175 0.040625 0.05390625
3 0.5609375 0.17734375 0.04375 0.0421875
2 0.64609375 0.1984375 0.03515625 0.05859375
2 0.25859375 0.31015625 0.02578125 0.0515625
2 0.23359375 0.30703125 0.02265625 0.05
2 0.20859375 0.30546875 0.01875 0.05546875
5 0.25859375 0.528125 0.0234375 0.01953125