4 0.1796875 0.73125 0.0875 0.1765625
4 0.240625 0.875 0.1484375 0.25
4 0.33203125 0.91875 0.11640625 0.15859375
4 0.27578125 0.48828125 0.06875 0.13984375
4 0.38125 0.51640625 0.084375 0.1765625
4 0.378125 0.34921875 0.0703125 0.153125
4 0.43828125 0.35 0.0828125 0.2
4 0.52109375 0.3734375 0.0765625 0.20078125
3 0.8265625 0.1828125 0.05 0.053125
3 0.74921875 0.178125 0.05 0.05390625
3 0.68203125 0.1765625 0.04609375 0.04609375
3 0.6109375 0.17890625 0.03984375 0.03984375
3 0.5609375 0.18046875 0.04140625 0.05390625
2 0.646875 0.19765625 0.0328125 0.05703125
2 0.73984375 0.3515625 0.0546875 0.09375
2 0.63125 0.346875 0.053125 0.0796875
2 0.4796875 0.3125 0.03125 0.06875
2 0.2578125 0.3140625 0.025 0.05390625
2 0.2328125 0.31015625 0.02265625 0.04921875
2 0.20625 0.30859375 0.02109375 0.04375
2 0.203125 0.51953125 0.0484375 0.040625
5 0.2578125 0.53203125 0.02265625 0.01875
1 0.825 0.221875 0.040625 0.02265625
1 0.7328125 0.2109375 0.0375 0.025
1 0.6046875 0.215625 0.0421875 0.015625