4 0.44296875 0.94296875 0.1234375 0.0296875
4 0.34765625 0.92578125 0.14375 0.04375
4 0.24765625 0.88203125 0.165625 0.0515625
4 0.20703125 0.8421875 0.203125 0.05
4 0.1234375 0.78125 0.246875 0.10625
4 0.08515625 0.65703125 0.1703125 0.1421875
4 0.5203125 0.72109375 0.14375 0.059375
4 0.509375 0.6890625 0.134375 0.06875
4 0.4875 0.6296875 0.184375 0.06875
4 0.66640625 0.61328125 0.146875 0.046875
4 0.67109375 0.5609375 0.146875 0.065625
1 0.790625 0.165625 0.025 0.040625
1 0.7984375 0.253125 0.01875 0.0328125
1 0.7984375 0.3875 0.015625 0.040625
2 0.66171875 0.2484375 0.096875 0.059375
2 0.67109375 0.36015625 0.103125 0.05625
2 0.69140625 0.5171875 0.0984375 0.0375
2 0.8203125 0.34453125 0.0609375 0.0375
2 0.6984375 0.7390625 0.0515625 0.0265625
2 0.703125 0.76484375 0.053125 0.021875
2 0.70546875 0.79140625 0.05625 0.021875
3 0.83125 0.159375 0.05625 0.0546875
3 0.8375 0.2390625 0.05625 0.05
3 0.83828125 0.30625 0.0609375 0.05
3 0.84140625 0.37890625 0.059375 0.04375
3 0.83671875 0.43203125 0.0421875 0.046875