4 0.5125 0.84765625 0.1609375 0.075
4 0.47265625 0.790625 0.1625 0.1046875
0 0.540625 0.6765625 0.1890625 0.096875
4 0.6296875 0.68046875 0.2 0.084375
0 0.5234375 0.58046875 0.215625 0.1109375
4 0.628125 0.58359375 0.215625 0.0890625
0 0.48359375 0.4359375 0.25625 0.11875
4 0.596875 0.43515625 0.23125 0.1265625
0 0.44921875 0.29140625 0.2890625 0.121875
4 0.575 0.29453125 0.246875 0.1140625
4 0.665625 0.8625 0.078125 0.0328125
4 0.64453125 0.834375 0.109375 0.0515625
0 0.590625 0.78515625 0.1421875 0.05625
4 0.659375 0.79296875 0.10625 0.040625
4 0.796875 0.50390625 0.1 0.040625
4 0.7953125 0.4484375 0.103125 0.0625
4 0.8015625 0.4078125 0.134375 0.0546875
4 0.7953125 0.2703125 0.1578125 0.09375
4 0.77890625 0.44453125 0.0609375 0.0578125
0 0.4171875 0.7140625 0.1140625 0.065625
3 0.80625 0.17890625 0.071875 0.053125
3 0.81875 0.26328125 0.0671875 0.053125
3 0.81953125 0.33828125 0.065625 0.059375
3 0.82109375 0.41796875 0.059375 0.05625
3 0.81640625 0.471875 0.065625 0.04375
2 0.63359375 0.390625 0.1 0.053125
2 0.665625 0.54375 0.090625 0.05
2 0.67421875 0.625 0.078125 0.04375
2 0.6421875 0.26015625 0.071875 0.04375
2 0.79765625 0.3765625 0.071875 0.0390625
1 0.76484375 0.1828125 0.0234375 0.04375
1 0.77890625 0.33515625 0.025 0.03125
1 0.7796875 0.48984375 0.0265625 0.0375