4 0.5125 0.27421875 0.146875 0.06875
4 0.4953125 0.384375 0.20625 0.0875
4 0.65234375 0.38046875 0.1546875 0.053125
4 0.659375 0.44765625 0.2265625 0.078125
4 0.63359375 0.5203125 0.2140625 0.071875
4 0.42109375 0.0671875 0.146875 0.0484375
4 0.3390625 0.07265625 0.146875 0.04375
4 0.2859375 0.10859375 0.1828125 0.053125
4 0.23515625 0.171875 0.228125 0.0984375
4 0.121875 0.24296875 0.24375 0.165625
4 0.07421875 0.3390625 0.1484375 0.1515625
2 0.65 0.74453125 0.1078125 0.0578125
2 0.6578125 0.63046875 0.103125 0.059375
2 0.68984375 0.4796875 0.0765625 0.028125
2 0.80703125 0.6484375 0.065625 0.0390625
3 0.81875 0.8328125 0.05625 0.046875
3 0.825 0.753125 0.065625 0.0515625
3 0.82734375 0.6875 0.065625 0.046875
3 0.828125 0.6140625 0.0578125 0.04375
3 0.82734375 0.559375 0.05625 0.05
2 0.68828125 0.253125 0.0578125 0.03125
2 0.68984375 0.22734375 0.05625 0.0234375
2 0.69296875 0.2046875 0.053125 0.01875
1 0.77734375 0.82890625 0.0171875 0.040625
1 0.784375 0.7375 0.0125 0.0375
1 0.7859375 0.60625 0.021875 0.046875
5 0.46875 0.253125 0.0265625 0.0203125