4 0.74296875 0.178125 0.1796875 0.0890625
4 0.88046875 0.23828125 0.2390625 0.1515625
4 0.92578125 0.3328125 0.146875 0.11875
4 0.49609375 0.275 0.1421875 0.06875
4 0.52421875 0.38203125 0.1796875 0.0859375
4 0.35390625 0.3796875 0.15625 0.071875
4 0.3546875 0.440625 0.203125 0.084375
4 0.37890625 0.52421875 0.2046875 0.078125
3 0.184375 0.834375 0.053125 0.05
3 0.1796875 0.75625 0.05625 0.05
3 0.17890625 0.68828125 0.046875 0.046875
3 0.18046875 0.615625 0.040625 0.040625
3 0.1828125 0.56484375 0.05625 0.0421875
2 0.2 0.65234375 0.0578125 0.034375
2 0.35625 0.746875 0.0953125 0.05625
2 0.3515625 0.63671875 0.08125 0.053125
2 0.31640625 0.4828125 0.0703125 0.03125
2 0.31875 0.2578125 0.05625 0.025
2 0.31484375 0.23203125 0.05 0.021875
2 0.31328125 0.2046875 0.04375 0.021875
2 0.52734375 0.2015625 0.040625 0.05
5 0.53984375 0.2578125 0.01875 0.021875
1 0.22421875 0.8328125 0.021875 0.040625
1 0.21328125 0.73984375 0.025 0.0375
1 0.21796875 0.609375 0.015625 0.04375