4 0.5109375 0.7953125 0.121875 0.075
4 0.678125 0.77734375 0.115625 0.05
4 0.68359375 0.73203125 0.128125 0.028125
4 0.47578125 0.584375 0.253125 0.084375
4 0.490625 0.52421875 0.30625 0.14375
4 0.7984375 0.44453125 0.1015625 0.0390625
4 0.7875 0.39921875 0.065625 0.05625
4 0.78125 0.3515625 0.08125 0.053125
4 0.76796875 0.29765625 0.06875 0.053125
4 0.8015625 0.21875 0.140625 0.0859375
0 0.325 0.3265625 0.3390625 0.1296875
0 0.5109375 0.38046875 0.259375 0.10625
0 0.62734375 0.60859375 0.1046875 0.075
0 0.5875 0.5296875 0.15 0.0890625
0 0.70703125 0.12578125 0.1953125 0.065625
3 0.834375 0.203125 0.0671875 0.05
3 0.8234375 0.1203125 0.053125 0.053125
3 0.8328125 0.28046875 0.059375 0.046875
3 0.83671875 0.35625 0.0515625 0.0421875
3 0.83515625 0.41328125 0.0453125 0.0375
2 0.47734375 0.83125 0.0625 0.0578125
2 0.6921875 0.8015625 0.04375 0.0171875
2 0.69609375 0.74765625 0.034375 0.0140625
1 0.77734375 0.125 0.03125 0.04375