4 0.21875 0.4546875 0.06875 0.14609375
4 0.2703125 0.490625 0.0953125 0.146875
0 0.37421875 0.42890625 0.08828125 0.171875
4 0.37109375 0.34765625 0.0765625 0.18203125
0 0.46171875 0.44453125 0.10078125 0.1953125
4 0.45859375 0.34921875 0.08125 0.1953125
0 0.59296875 0.48046875 0.10859375 0.23203125
4 0.59453125 0.378125 0.11484375 0.2109375
0 0.725 0.51171875 0.11171875 0.26328125
4 0.721875 0.396875 0.10390625 0.225
4 0.2046875 0.315625 0.02890625 0.07109375
4 0.23046875 0.334375 0.046875 0.1
0 0.275 0.38359375 0.05078125 0.1296875
4 0.26796875 0.32109375 0.0359375 0.096875
4 0.53125 0.19609375 0.03828125 0.090625
4 0.58125 0.196875 0.05703125 0.09453125
4 0.61875 0.19140625 0.04921875 0.121875
4 0.74375 0.196875 0.0859375 0.14375
4 0.58515625 0.21171875 0.05234375 0.05546875
0 0.33984375 0.540625 0.06015625 0.10390625
1 0.82265625 0.22421875 0.03828125 0.01953125
1 0.396875 0.340625 0.0359375 0.03046875
3 0.8265625 0.1859375 0.053125 0.04921875
3 0.7546875 0.178125 0.04453125 0.0625
3 0.68125 0.178125 0.04921875 0.059375
3 0.60078125 0.171875 0.025 0.053125
3 0.55390625 0.17890625 0.0265625 0.04765625
2 0.74609375 0.34921875 0.0421875 0.0875
2 0.6328125 0.340625 0.04921875 0.09375
2 0.4921875 0.32578125 0.04296875 0.08046875
2 0.425 0.303125 0.02578125 0.0421875
2 0.18125 0.503125 0.05390625 0.04609375