4 0.41953125 0.17734375 0.125 0.075
4 0.43515625 0.24921875 0.16875 0.071875
4 0.12109375 0.51171875 0.1171875 0.046875
4 0.1375 0.56328125 0.0734375 0.04375
4 0.1484375 0.6203125 0.04375 0.0359375
4 0.15390625 0.678125 0.0625 0.0453125
4 0.11171875 0.76640625 0.134375 0.0875
4 0.103125 0.68671875 0.06875 0.059375
4 0.08828125 0.63359375 0.15 0.0515625
4 0.09765625 0.5953125 0.078125 0.0296875
0 0.4296875 0.753125 0.2796875 0.1046875
0 0.42421875 0.61484375 0.2578125 0.109375
0 0.3984375 0.49765625 0.2296875 0.103125
0 0.36640625 0.38203125 0.190625 0.096875
0 0.31484375 0.25703125 0.1359375 0.0515625
0 0.30546875 0.2140625 0.11875 0.05
0 0.49921875 0.32734375 0.11875 0.0625
2 0.2765625 0.6453125 0.0984375 0.059375
2 0.28828125 0.759375 0.10625 0.0640625
3 0.103125 0.859375 0.065625 0.05
3 0.09375 0.7765625 0.06875 0.0515625
3 0.090625 0.70625 0.053125 0.0375
3 0.09140625 0.5671875 0.0375 0.0375
2 0.24140625 0.23203125 0.05 0.03125
2 0.2390625 0.1765625 0.0515625 0.021875
5 0.25625 0.20859375 0.021875 0.01875
0 0.209375 0.8515625 0.1796875 0.06875
1 0.14765625 0.8546875 0.0265625 0.04375