4 0.7171875 0.49453125 0.06875 0.1671875
4 0.78046875 0.46484375 0.0671875 0.1140625
4 0.3609375 0.2125 0.04375 0.053125
4 0.3125 0.21875 0.0375 0.053125
4 0.22890625 0.1671875 0.08125 0.11875
4 0.39765625 0.178125 0.028125 0.0578125
4 0.42734375 0.2 0.03125 0.059375
4 0.30546875 0.17421875 0.0453125 0.0640625
4 0.3515625 0.1609375 0.0421875 0.140625
4 0.39296875 0.16328125 0.028125 0.04375
4 0.46875 0.18984375 0.0390625 0.09375
0 0.64609375 0.54765625 0.053125 0.1265625
0 0.59609375 0.40703125 0.0890625 0.190625
0 0.48203125 0.44609375 0.090625 0.21875
0 0.371875 0.48125 0.103125 0.25
0 0.2375 0.484375 0.096875 0.275
0 0.71171875 0.3703125 0.0546875 0.1375
0 0.75546875 0.365625 0.05 0.10625
0 0.15 0.27734375 0.0640625 0.175
2 0.2359375 0.34921875 0.0578125 0.1046875
2 0.34375 0.3390625 0.05625 0.0875
2 0.7359375 0.30703125 0.028125 0.05625
2 0.78828125 0.303125 0.021875 0.0453125
5 0.75546875 0.3203125 0.01875 0.028125
3 0.221875 0.1671875 0.0484375 0.065625
3 0.2875 0.16484375 0.0375 0.05625
3 0.41796875 0.16484375 0.0390625 0.0453125
3 0.14140625 0.17578125 0.0484375 0.0625
1 0.14609375 0.215625 0.040625 0.0234375