4 0.51328125 0.73671875 0.115625 0.08125
4 0.53828125 0.79453125 0.1109375 0.065625
4 0.8359375 0.278125 0.06875 0.046875
4 0.81328125 0.428125 0.0703125 0.0390625
4 0.80625 0.378125 0.103125 0.0375
4 0.81328125 0.4765625 0.05625 0.0375
0 0.5765625 0.63125 0.190625 0.09375
4 0.6578125 0.63515625 0.15625 0.0625
4 0.66875 0.559375 0.1703125 0.06875
4 0.66015625 0.40546875 0.1546875 0.08125
4 0.64453125 0.27578125 0.15625 0.0921875
4 0.66875 0.775 0.096875 0.034375
4 0.69140625 0.73984375 0.084375 0.03125
4 0.6890625 0.8015625 0.059375 0.021875
4 0.7234375 0.771875 0.0375 0.01875
0 0.46015625 0.665625 0.10625 0.065625
0 0.52109375 0.4109375 0.2515625 0.11875
0 0.5609375 0.5484375 0.19375 0.109375
0 0.49609375 0.278125 0.265625 0.115625
0 0.771875 0.46640625 0.03125 0.0421875
0 0.77578125 0.4921875 0.025 0.0375
0 0.78203125 0.3609375 0.0515625 0.03125
0 0.7671875 0.32578125 0.040625 0.0484375
0 0.7765625 0.28359375 0.05 0.0453125
0 0.765625 0.21640625 0.05 0.03125
4 0.77578125 0.4203125 0.040625 0.0375
2 0.66171875 0.371875 0.084375 0.05
2 0.65234375 0.2546875 0.078125 0.034375
2 0.675 0.51015625 0.059375 0.034375
2 0.49375 0.825 0.053125 0.0546875
3 0.83125 0.31953125 0.05 0.0453125
3 0.82890625 0.24765625 0.0578125 0.0421875
3 0.821875 0.17265625 0.05625 0.046875
3 0.82890625 0.45078125 0.04375 0.025
3 0.83046875 0.40234375 0.04375 0.025
1 0.6578125 0.60703125 0.034375 0.021875
1 0.78046875 0.178125 0.025 0.040625