4 0.48515625 0.8140625 0.159375 0.075
4 0.52421875 0.7578125 0.159375 0.103125
0 0.45703125 0.64453125 0.1875 0.0953125
4 0.36875 0.6484375 0.1984375 0.0828125
0 0.47421875 0.55 0.2125 0.109375
4 0.37109375 0.553125 0.2125 0.0875
0 0.51328125 0.4078125 0.253125 0.11875
4 0.4015625 0.40625 0.2296875 0.125
0 0.54765625 0.2640625 0.2859375 0.121875
4 0.42265625 0.26796875 0.24375 0.1125
4 0.33359375 0.82890625 0.078125 0.03125
4 0.35390625 0.80078125 0.109375 0.0515625
0 0.4078125 0.75234375 0.140625 0.0546875
4 0.33984375 0.76015625 0.10625 0.0390625
4 0.20390625 0.47421875 0.0984375 0.040625
4 0.20546875 0.4203125 0.103125 0.0625
4 0.1984375 0.3796875 0.1328125 0.053125
4 0.20546875 0.24375 0.15625 0.09375
4 0.22109375 0.415625 0.059375 0.05625
0 0.578125 0.68203125 0.1125 0.065625
3 0.18984375 0.153125 0.065625 0.046875
3 0.18515625 0.234375 0.0625 0.04375
3 0.18125 0.31328125 0.05 0.05
3 0.1765625 0.4 0.046875 0.0265625
3 0.18125 0.45390625 0.05 0.028125
2 0.540625 0.85234375 0.04375 0.0578125
2 0.3671875 0.2421875 0.06875 0.040625
2 0.359375 0.3640625 0.090625 0.0484375
2 0.34765625 0.51328125 0.06875 0.0421875
1 0.3578125 0.62109375 0.03125 0.03125
1 0.23671875 0.1578125 0.0171875 0.0375