4 0.059375 0.565625 0.02890625 0.12109375
4 0.07578125 0.65859375 0.04296875 0.13984375
4 0.11875 0.75625 0.05 0.16328125
4 0.15859375 0.79609375 0.0484375 0.1984375
4 0.21796875 0.87890625 0.103125 0.24140625
4 0.33984375 0.91640625 0.1390625 0.16640625
4 0.2765625 0.4890625 0.05859375 0.13984375
4 0.3078125 0.5 0.06640625 0.13125
4 0.365625 0.52109375 0.06796875 0.1796875
4 0.38203125 0.34609375 0.04453125 0.14453125
4 0.43359375 0.34140625 0.06328125 0.14375
1 0.8203125 0.22421875 0.03984375 0.025
1 0.734375 0.2171875 0.03203125 0.01875
1 0.603125 0.2171875 0.03984375 0.015625
2 0.7390625 0.3515625 0.05859375 0.09375
2 0.6296875 0.34140625 0.0546875 0.10078125
2 0.4765625 0.321875 0.0375 0.096875
2 0.64609375 0.1953125 0.0359375 0.059375
2 0.259375 0.31484375 0.02578125 0.05
2 0.23359375 0.31015625 0.02265625 0.0515625
2 0.2078125 0.30859375 0.02109375 0.05546875
3 0.8265625 0.184375 0.05390625 0.05390625
3 0.74921875 0.17890625 0.0484375 0.05546875
3 0.6828125 0.178125 0.05 0.059375
3 0.61171875 0.17421875 0.0421875 0.05859375
3 0.56015625 0.17890625 0.0453125 0.040625