4 0.20703125 0.90859375 0.109375 0.18125
4 0.1453125 0.79609375 0.06875 0.2125
4 0.3875 0.35390625 0.065625 0.1390625
4 0.4546875 0.31953125 0.071875 0.128125
4 0.0953125 0.7328125 0.053125 0.178125
4 0.05625 0.65859375 0.034375 0.10625
4 0.315625 0.953125 0.0828125 0.09375
4 0.38984375 0.52578125 0.0875 0.1984375
4 0.2671875 0.51484375 0.0625 0.1359375
4 0.5328125 0.3609375 0.065625 0.171875
0 0.60859375 0.503125 0.1203125 0.26875
0 0.52265625 0.48125 0.1 0.2375
0 0.45703125 0.465625 0.1 0.21875
0 0.35625 0.39609375 0.034375 0.0796875
0 0.5203125 0.22421875 0.040625 0.05625
0 0.56875 0.2296875 0.046875 0.046875
0 0.5875 0.2125 0.034375 0.0546875
0 0.634375 0.23671875 0.046875 0.0328125
0 0.68359375 0.225 0.03125 0.053125
0 0.71796875 0.2390625 0.053125 0.04375
0 0.81484375 0.2421875 0.0515625 0.0546875
0 0.20546875 0.38984375 0.0390625 0.13125
0 0.2359375 0.3921875 0.053125 0.1546875
0 0.26953125 0.39765625 0.059375 0.1640625
2 0.77265625 0.36640625 0.0625 0.10625
2 0.65390625 0.359375 0.059375 0.1
2 0.49140625 0.32890625 0.0296875 0.071875
1 0.86328125 0.22734375 0.0421875 0.028125
1 0.7671875 0.2203125 0.0390625 0.025
1 0.625 0.215625 0.0421875 0.0203125
3 0.8671875 0.1828125 0.0546875 0.053125
3 0.78359375 0.17890625 0.05 0.0625
3 0.71171875 0.17578125 0.05 0.05625
3 0.634375 0.17421875 0.04375 0.059375
3 0.57890625 0.1765625 0.046875 0.046875
2 0.671875 0.19921875 0.0375 0.0625
2 0.25078125 0.32109375 0.028125 0.05625
2 0.22421875 0.3171875 0.025 0.0546875
2 0.196875 0.315625 0.0203125 0.059375
5 0.25078125 0.5578125 0.025 0.021875