4 0.090625 0.60234375 0.13671875 0.28671875
0 0.2125 0.434375 0.06484375 0.24375
4 0.24453125 0.37578125 0.08515625 0.23125
4 0.34765625 0.29453125 0.059375 0.12421875
4 0.3375 0.5890625 0.11640625 0.30078125
4 0.4953125 0.4640625 0.09453125 0.17109375
4 0.58203125 0.59921875 0.090625 0.18359375
4 0.44453125 0.76640625 0.1421875 0.340625
0 0.209375 0.8890625 0.11953125 0.221875
0 0.0859375 0.39609375 0.06484375 0.1390625
0 0.178125 0.33359375 0.04921875 0.19453125
0 0.3046875 0.709375 0.09609375 0.29921875
0 0.38515625 0.87734375 0.11171875 0.2453125
0 0.39296875 0.3703125 0.04609375 0.08828125
0 0.303125 0.25234375 0.0328125 0.07421875
0 0.5984375 0.45546875 0.05390625 0.14609375
0 0.65390625 0.515625 0.05703125 0.18359375
0 0.759375 0.83046875 0.13828125 0.303125
2 0.38515625 0.56015625 0.08359375 0.15234375
2 0.5171875 0.73046875 0.1 0.165625
2 0.265625 0.3359375 0.0609375 0.11640625
2 0.03046875 0.59375 0.0609375 0.1875
5 0.07578125 0.6296875 0.0390625 0.034375
5 0.24921875 0.32578125 0.02265625 0.03203125
5 0.42265625 0.66015625 0.03046875 0.0453125
1 0.3171875 0.425 0.0484375 0.08359375
0 0.63671875 0.3828125 0.040625 0.0515625
0 0.66875 0.40703125 0.040625 0.05546875
0 0.71484375 0.4609375 0.04140625 0.0671875