4 0.06484375 0.62421875 0.128125 0.3
0 0.1875 0.46171875 0.0703125 0.228125
4 0.21875 0.3875 0.090625 0.24375
4 0.32734375 0.3015625 0.0625 0.13125
4 0.31640625 0.6109375 0.121875 0.315625
4 0.48203125 0.4796875 0.1 0.1796875
4 0.5734375 0.62109375 0.0953125 0.1921875
0 0.3921875 0.8703125 0.1734375 0.259375
4 0.428125 0.796875 0.15 0.35625
0 0.59140625 0.4921875 0.0703125 0.1921875
0 0.64375 0.53359375 0.071875 0.1921875
0 0.18828125 0.896875 0.11875 0.20625
0 0.12890625 0.7015625 0.06875 0.35
0 0.7578125 0.853125 0.134375 0.29375
0 0.04609375 0.4125 0.05625 0.1484375
0 0.14921875 0.33671875 0.05 0.2109375
0 0.2890625 0.73515625 0.103125 0.3234375
0 0.371875 0.38515625 0.04375 0.071875
0 0.27578125 0.26015625 0.03125 0.078125
0 0.6359375 0.3921875 0.0328125 0.059375
0 0.66640625 0.4234375 0.040625 0.075
0 0.71171875 0.4734375 0.04375 0.078125
5 0.0390625 0.6484375 0.0375 0.046875
5 0.22109375 0.32890625 0.0234375 0.0390625
5 0.40625 0.6875 0.0484375 0.04375
2 0.51171875 0.75390625 0.084375 0.1875
2 0.3671875 0.58515625 0.0875 0.15625
2 0.240625 0.34921875 0.065625 0.10625
2 0.01171875 0.609375 0.0234375 0.16875