4 0.259375 0.25390625 0.103125 0.040625
4 0.29375 0.16796875 0.1109375 0.05
4 0.24765625 0.35390625 0.13125 0.0640625
4 0.8234375 0.3578125 0.253125 0.215625
4 0.17578125 0.29375 0.084375 0.034375
4 0.3609375 0.55859375 0.471875 0.096875
4 0.25625 0.1265625 0.1 0.040625
4 0.32890625 0.65859375 0.4265625 0.103125
0 0.771875 0.8953125 0.1609375 0.0875
0 0.5484375 0.6578125 0.18125 0.0734375
0 0.76640625 0.3296875 0.240625 0.140625
0 0.6640625 0.22890625 0.30625 0.1
0 0.45390625 0.50859375 0.1625 0.115625
0 0.57734375 0.37421875 0.2921875 0.140625
4 0.45859375 0.365625 0.2296875 0.10625
4 0.63359375 0.55 0.25625 0.171875
5 0.8171875 0.5171875 0.05 0.0359375
5 0.775 0.771875 0.065625 0.0359375
5 0.46171875 0.315625 0.0453125 0.015625
2 0.6203125 0.73203125 0.121875 0.096875
2 0.7125 0.5890625 0.146875 0.13125
2 0.9453125 0.3890625 0.109375 0.115625
2 0.81953125 0.72109375 0.2359375 0.121875
2 0.3671875 0.4625 0.046875 0.053125
2 0.39296875 0.34609375 0.084375 0.04375
2 0.21953125 0.31875 0.053125 0.0390625
2 0.25234375 0.23046875 0.0546875 0.03125
0 0.97890625 0.9 0.0421875 0.0546875
4 0.86015625 0.8171875 0.2796875 0.1171875
1 0.5796875 0.7015625 0.0984375 0.075
1 0.903125 0.37890625 0.1421875 0.140625