4 0.34765625 0.30078125 0.06640625 0.12890625
4 0.521875 0.49375 0.08828125 0.2
0 0.728125 0.878125 0.171875 0.24375
0 0.62734375 0.675 0.0734375 0.11328125
0 0.5984375 0.46484375 0.06640625 0.171875
4 0.23359375 0.28359375 0.065625 0.2234375
0 0.3203125 0.66171875 0.11015625 0.296875
0 0.18046875 0.7859375 0.1125 0.303125
0 0.6828125 0.5546875 0.06953125 0.1984375
0 0.3984375 0.878125 0.1703125 0.24375
4 0.1234375 0.23359375 0.05859375 0.253125
4 0.1765625 0.1609375 0.04921875 0.13203125
0 0.11484375 0.49140625 0.09453125 0.2265625
4 0.23125 0.14609375 0.04765625 0.11171875
4 0.15390625 0.3078125 0.06875 0.29140625
0 0.19453125 0.48671875 0.09296875 0.22109375
4 0.05546875 0.24296875 0.06171875 0.2234375
0 0.30546875 0.2609375 0.03203125 0.0734375
0 0.08515625 0.4015625 0.07265625 0.15078125
0 0.16015625 0.64375 0.13046875 0.209375
5 0.4484375 0.68671875 0.03359375 0.03671875
5 0.11171875 0.87109375 0.04609375 0.04609375
5 0.04375 0.46796875 0.02734375 0.028125
5 0.0734375 0.2515625 0.02109375 0.034375
2 0.0234375 0.3453125 0.04140625 0.0875
2 0.0265625 0.41796875 0.04921875 0.084375
2 0.03515625 0.57734375 0.0703125 0.13359375
2 0.08984375 0.76484375 0.1015625 0.16640625
2 0.53359375 0.75 0.10703125 0.1640625
1 0.28046875 0.3640625 0.04375 0.05703125
0 0.6484375 0.39453125 0.03984375 0.05703125
0 0.684375 0.42578125 0.03828125 0.06875
0 0.7328125 0.46328125 0.05 0.07265625