4 0.74453125 0.2375 0.040625 0.10625
4 0.8328125 0.27265625 0.0515625 0.1125
4 0.6421875 0.22578125 0.065625 0.134375
4 0.63828125 0.8140625 0.221875 0.259375
4 0.70390625 0.15234375 0.0359375 0.0875
4 0.47578125 0.21875 0.084375 0.234375
4 0.87421875 0.23515625 0.0421875 0.103125
4 0.39765625 0.31875 0.10625 0.4359375
0 0.33203125 0.5328125 0.075 0.184375
0 0.6671875 0.75625 0.14375 0.246875
0 0.76953125 0.6515625 0.1015625 0.3125
0 0.48359375 0.43671875 0.11875 0.165625
4 0.15703125 0.8578125 0.1359375 0.284375
0 0.62109375 0.5625 0.14375 0.2984375
4 0.63046875 0.44140625 0.109375 0.234375
4 0.4421875 0.6203125 0.1765625 0.2625
5 0.67890625 0.4375 0.025 0.05
5 0.475 0.81328125 0.0484375 0.0515625
5 0.215625 0.7609375 0.0359375 0.0796875
2 0.2671875 0.80703125 0.125 0.246875
2 0.39765625 0.6875 0.125 0.1625
2 0.25078125 0.59765625 0.1 0.134375
2 0.61015625 0.9359375 0.125 0.121875
2 0.44765625 0.2203125 0.0734375 0.09375
2 0.65 0.37578125 0.0453125 0.0796875
2 0.53515625 0.33984375 0.0671875 0.071875
2 0.67890625 0.2015625 0.034375 0.065625
2 0.765625 0.22265625 0.025 0.0625
2 0.86328125 0.284375 0.021875 0.0546875
1 0.6203125 0.88984375 0.1375 0.1421875
1 0.29453125 0.56875 0.075 0.09375
0 0.078125 0.753125 0.071875 0.184375
0 0.0765625 0.96875 0.05 0.0625