4 0.5078125 0.48828125 0.2 0.096875
0 0.1109375 0.61953125 0.221875 0.171875
4 0.715625 0.6671875 0.1375 0.0671875
0 0.3203125 0.37265625 0.1140625 0.075
0 0.5171875 0.82265625 0.2265625 0.0875
0 0.44453125 0.3171875 0.203125 0.0734375
0 0.3328125 0.69609375 0.309375 0.10625
0 0.5390625 0.40703125 0.175 0.06875
0 0.1171875 0.271875 0.234375 0.16875
4 0.68984375 0.86875 0.328125 0.0796875
4 0.68828125 0.80390625 0.3 0.075
0 0.3390625 0.86796875 0.2359375 0.134375
0 0.20625 0.83984375 0.3046875 0.1234375
4 0.878125 0.7875 0.10625 0.05
4 0.7578125 0.790625 0.171875 0.0703125
4 0.73828125 0.865625 0.2265625 0.0734375
4 0.771875 0.9578125 0.23125 0.071875
0 0.7484375 0.70859375 0.075 0.0359375
0 0.5546875 0.9171875 0.2234375 0.1
4 0.79453125 0.89921875 0.24375 0.053125
4 0.859375 0.85390625 0.140625 0.046875
0 0.67421875 0.87421875 0.2046875 0.05625
0 0.68125 0.81484375 0.175 0.05625
4 0.8375 0.825 0.1109375 0.0359375
2 0.66875 0.990625 0.1 0.01875
2 0.5890625 0.9875 0.090625 0.025
2 0.4203125 0.978125 0.1328125 0.04375
2 0.2375 0.93359375 0.18125 0.10625
5 0.12265625 0.90859375 0.04375 0.0484375
5 0.540625 0.98515625 0.034375 0.0296875
5 0.778125 0.93671875 0.028125 0.0265625
5 0.31015625 0.56328125 0.03125 0.034375
1 0.63828125 0.73359375 0.078125 0.04375
0 0.6125 0.35234375 0.065625 0.034375
0 0.58125 0.31875 0.0625 0.0390625
0 0.53828125 0.2671875 0.084375 0.05
2 0.2484375 0.475 0.1828125 0.1125