4 0.7921875 0.23046875 0.040625 0.1046875
4 0.8796875 0.26484375 0.05 0.1125
4 0.68984375 0.21796875 0.065625 0.1328125
4 0.6859375 0.80390625 0.21875 0.2578125
4 0.44609375 0.33671875 0.0984375 0.4796875
4 0.92109375 0.22734375 0.0421875 0.103125
4 0.32265625 0.3453125 0.10625 0.434375
0 0.1390625 0.76484375 0.0875 0.190625
0 0.38125 0.52421875 0.075 0.184375
0 0.71484375 0.74609375 0.1421875 0.2453125
0 0.8171875 0.64140625 0.1 0.3125
0 0.5328125 0.428125 0.1171875 0.1640625
0 0.66953125 0.553125 0.1421875 0.296875
4 0.678125 0.4328125 0.1078125 0.234375
4 0.49140625 0.6109375 0.175 0.259375
2 0.31796875 0.80078125 0.11875 0.240625
2 0.52265625 0.94921875 0.1375 0.1
2 0.44765625 0.678125 0.125 0.140625
2 0.30546875 0.58515625 0.090625 0.121875
2 0.6984375 0.3734375 0.053125 0.09375
2 0.58046875 0.33984375 0.05625 0.0625
2 0.7296875 0.19765625 0.040625 0.06875
2 0.8109375 0.2171875 0.028125 0.05
2 0.9109375 0.26875 0.01875 0.05
1 0.66953125 0.88515625 0.134375 0.140625
1 0.34296875 0.56328125 0.071875 0.084375
2 0.65703125 0.91953125 0.109375 0.109375
5 0.52421875 0.796875 0.040625 0.0515625
5 0.26640625 0.75390625 0.040625 0.059375
5 0.72890625 0.42890625 0.021875 0.04375
2 0.490625 0.19453125 0.065625 0.1046875
4 0.22109375 0.8421875 0.1328125 0.315625
0 0.1359375 0.975 0.0609375 0.05