4 0.70703125 0.34921875 0.134375 0.0625
4 0.54296875 0.48984375 0.19375 0.0875
4 0.4078125 0.33671875 0.315625 0.11875
0 0.478125 0.66171875 0.1890625 0.0640625
4 0.2265625 0.44765625 0.3578125 0.153125
4 0.3953125 0.103125 0.3 0.1265625
0 0.55 0.2203125 0.2125 0.071875
0 0.540625 0.60546875 0.1734375 0.0625
0 0.1140625 0.2140625 0.228125 0.1234375
4 0.4046875 0.584375 0.190625 0.090625
0 0.17890625 0.76484375 0.3 0.140625
4 0.6375 0.23828125 0.215625 0.084375
0 0.296875 0.30859375 0.303125 0.103125
0 0.1390625 0.39921875 0.278125 0.1453125
0 0.6703125 0.18203125 0.1921875 0.053125
0 0.74609375 0.30078125 0.078125 0.034375
0 0.59453125 0.084375 0.15625 0.0546875
0 0.628125 0.39453125 0.0875 0.040625
0 0.53671875 0.7203125 0.084375 0.040625
0 0.62109375 0.64375 0.059375 0.03125
0 0.58828125 0.67421875 0.065625 0.0375
2 0.66640625 0.26875 0.096875 0.0515625
2 0.43984375 0.38671875 0.1375 0.08125
2 0.27265625 0.51796875 0.175 0.1
2 0.41640625 0.0296875 0.165625 0.059375
5 0.371875 0.07265625 0.05 0.0359375
5 0.675 0.25 0.03125 0.0265625
1 0.58125 0.3203125 0.071875 0.04375