4 0.271875 0.30234375 0.146875 0.071875
4 0.60546875 0.28828125 0.34375 0.1296875
4 0.4625 0.46640625 0.2 0.1078125
0 0.52578125 0.646875 0.20625 0.071875
0 0.4546875 0.58515625 0.190625 0.06875
4 0.80625 0.41015625 0.3875 0.15625
4 0.6203125 0.0515625 0.3265625 0.103125
0 0.8453125 0.75859375 0.309375 0.1515625
0 0.89921875 0.15546875 0.2 0.134375
0 0.4484375 0.16171875 0.2265625 0.08125
4 0.60625 0.5609375 0.2015625 0.1
4 0.353125 0.18125 0.24375 0.090625
0 0.87578125 0.35703125 0.246875 0.159375
0 0.7234375 0.25859375 0.33125 0.1125
0 0.3125 0.11875 0.209375 0.05625
0 0.23046875 0.24921875 0.0875 0.0375
0 0.39765625 0.02109375 0.171875 0.0421875
0 0.359375 0.353125 0.096875 0.0453125
2 0.56640625 0.34140625 0.1640625 0.1
2 0.31796875 0.2125 0.1 0.06875
2 0.746875 0.5 0.2 0.0953125
0 0.45703125 0.709375 0.0640625 0.0421875
0 0.36640625 0.62734375 0.05625 0.03125
0 0.403125 0.659375 0.065625 0.04375
1 0.4171875 0.27421875 0.0734375 0.046875
5 0.640625 0.01015625 0.0375 0.0203125
5 0.68046875 0.38984375 0.046875 0.0421875