4 0.090625 0.60234375 0.13671875 0.28671875
0 0.2140625 0.446875 0.06640625 0.21796875
4 0.24453125 0.37578125 0.08515625 0.23125
4 0.34765625 0.29453125 0.059375 0.12421875
4 0.3375 0.5890625 0.11640625 0.30078125
4 0.4953125 0.4640625 0.09453125 0.17109375
4 0.58203125 0.59921875 0.090625 0.18359375
0 0.409375 0.85625 0.165625 0.28671875
4 0.44453125 0.76640625 0.1421875 0.340625
0 0.6 0.47578125 0.06640625 0.18359375
0 0.65 0.515625 0.06796875 0.18359375
0 0.215625 0.88203125 0.11328125 0.2359375
0 0.15859375 0.67578125 0.06484375 0.33359375
0 0.75859375 0.8265625 0.12890625 0.29140625
0 0.08046875 0.39921875 0.053125 0.14140625
0 0.178125 0.32734375 0.046875 0.20078125
0 0.3109375 0.70703125 0.09921875 0.30859375
0 0.390625 0.37421875 0.04140625 0.06796875
0 0.29921875 0.2546875 0.03046875 0.07421875
0 0.6421875 0.38046875 0.03125 0.05703125
0 0.67109375 0.41015625 0.03828125 0.07109375
0 0.7140625 0.45859375 0.04140625 0.07578125
5 0.0734375 0.625 0.03515625 0.04375
5 0.246875 0.3203125 0.02265625 0.03671875
5 0.4234375 0.66171875 0.04609375 0.040625
2 0.5234375 0.72578125 0.08125 0.17890625
2 0.3859375 0.56484375 0.084375 0.1484375
2 0.265625 0.3390625 0.06328125 0.1015625
2 0.0296875 0.58828125 0.05859375 0.16015625