4 0.25546875 0.234375 0.1015625 0.040625
4 0.2890625 0.14921875 0.109375 0.05
4 0.24375 0.3328125 0.128125 0.0625
4 0.8109375 0.33671875 0.25 0.2125
4 0.1734375 0.2734375 0.084375 0.034375
4 0.3578125 0.56875 0.4640625 0.0953125
4 0.25234375 0.109375 0.1 0.040625
4 0.36640625 0.65234375 0.4203125 0.1015625
4 0.85546875 0.79453125 0.2890625 0.1359375
0 0.53984375 0.63125 0.178125 0.071875
0 0.7546875 0.30859375 0.2375 0.1375
0 0.65390625 0.21015625 0.3015625 0.096875
0 0.446875 0.48515625 0.159375 0.1125
0 0.56796875 0.353125 0.2875 0.1375
4 0.4515625 0.34453125 0.225 0.103125
4 0.6234375 0.525 0.2515625 0.16875
1 0.58125 0.671875 0.08125 0.075
1 0.8859375 0.359375 0.1375 0.134375
5 0.75859375 0.74296875 0.0625 0.034375
5 0.8046875 0.49609375 0.05625 0.0359375
0 0.753125 0.871875 0.165625 0.071875
0 0.97109375 0.86875 0.05625 0.05
2 0.8078125 0.6921875 0.2375 0.1234375
2 0.68046875 0.56875 0.1453125 0.1203125
2 0.60234375 0.71015625 0.1171875 0.096875
2 0.921875 0.37265625 0.128125 0.109375
2 0.21953125 0.5125 0.096875 0.0671875
2 0.3953125 0.32265625 0.109375 0.0375
5 0.44609375 0.3 0.04375 0.01875
2 0.2203125 0.3 0.0640625 0.053125
2 0.24453125 0.21484375 0.053125 0.021875
2 0.29921875 0.1234375 0.0671875 0.0328125