4 0.66640625 0.2984375 0.06875 0.14375
4 0.49140625 0.49609375 0.096875 0.2046875
0 0.26328125 0.89375 0.1796875 0.2125
4 0.86953125 0.7828125 0.15625 0.359375
0 0.31015625 0.5734375 0.0765625 0.209375
4 0.5609375 0.8140625 0.178125 0.371875
4 0.92890625 0.58515625 0.1421875 0.2890625
0 0.71875 0.7015625 0.140625 0.31875
4 0.40546875 0.60625 0.0875 0.1875
4 0.93828125 0.40703125 0.08125 0.25
0 0.78515625 0.45859375 0.08125 0.26875
0 0.61640625 0.88125 0.1625 0.2375
0 0.396875 0.47421875 0.071875 0.1875
0 0.715625 0.2546875 0.034375 0.08125
1 0.74375 0.3796875 0.053125 0.0796875
2 0.99453125 0.36171875 0.009375 0.0625
2 0.98203125 0.421875 0.0359375 0.0640625
2 0.9765625 0.60625 0.046875 0.134375
2 0.93984375 0.80859375 0.1 0.178125
2 0.4890625 0.76328125 0.10625 0.1578125
5 0.9140625 0.934375 0.05625 0.04375
5 0.96953125 0.69453125 0.04375 0.034375
0 0.3515625 0.39375 0.04375 0.08125
0 0.309375 0.4390625 0.046875 0.059375
0 0.25703125 0.47578125 0.05625 0.084375