4 0.65078125 0.2875 0.065625 0.1375
4 0.4828125 0.478125 0.09375 0.1984375
0 0.26328125 0.87890625 0.1734375 0.2421875
4 0.84609375 0.75234375 0.153125 0.346875
4 0.5515625 0.79296875 0.175 0.375
0 0.30859375 0.55234375 0.075 0.203125
0 0.70078125 0.67578125 0.134375 0.30625
4 0.4 0.58359375 0.084375 0.1828125
4 0.9015625 0.565625 0.1375 0.2765625
0 0.765625 0.44140625 0.0796875 0.259375
4 0.91171875 0.39140625 0.0765625 0.2375
0 0.3921875 0.45625 0.0703125 0.18125
0 0.60625 0.86640625 0.15625 0.2671875
0 0.6984375 0.24453125 0.034375 0.078125
0 0.34765625 0.3734375 0.0375 0.08125
0 0.31328125 0.4171875 0.0421875 0.0625
0 0.2546875 0.46328125 0.0375 0.071875
1 0.725 0.3671875 0.0484375 0.065625
2 0.96328125 0.3984375 0.0515625 0.075
2 0.98046875 0.3453125 0.0390625 0.0671875
2 0.91171875 0.771875 0.0984375 0.178125
2 0.48125 0.73203125 0.09375 0.1734375
5 0.94453125 0.665625 0.04375 0.04375
5 0.88828125 0.89296875 0.0578125 0.0625
5 0.98125 0.44765625 0.0296875 0.0375