4 0.51953125 0.49453125 0.09375 0.19296875
0 0.39453125 0.884375 0.16640625 0.228125
4 0.34765625 0.2953125 0.06484375 0.13203125
0 0.63125 0.67578125 0.07265625 0.11015625
0 0.19765625 0.48671875 0.08359375 0.21875
0 0.684375 0.55625 0.07109375 0.1953125
0 0.31953125 0.6640625 0.103125 0.296875
0 0.5984375 0.46484375 0.06640625 0.16953125
0 0.72890625 0.87890625 0.16328125 0.2390625
4 0.15390625 0.31953125 0.07734375 0.315625
4 0.215625 0.32109375 0.07265625 0.28828125
0 0.1546875 0.6578125 0.1296875 0.2265625
0 0.18203125 0.7859375 0.11875 0.29375
4 0.23203125 0.1390625 0.04765625 0.1015625
4 0.22890625 0.2546875 0.06796875 0.16484375
4 0.15703125 0.2734375 0.06953125 0.21875
4 0.0671875 0.24140625 0.06796875 0.221875
0 0.3078125 0.26328125 0.034375 0.0734375
0 0.10703125 0.45078125 0.09609375 0.21484375
4 0.12421875 0.21953125 0.0515625 0.234375
4 0.16796875 0.15703125 0.0453125 0.13515625
0 0.14765625 0.334375 0.05390625 0.196875
0 0.20546875 0.328125 0.05390625 0.16875
4 0.1953125 0.178125 0.03515625 0.10625
2 0.0234375 0.34140625 0.04609375 0.0953125
2 0.0265625 0.41796875 0.0515625 0.0875
2 0.03515625 0.5796875 0.06796875 0.128125
2 0.09140625 0.75546875 0.1015625 0.17421875
5 0.11484375 0.86640625 0.046875 0.0421875
5 0.04140625 0.46484375 0.0296875 0.0328125
5 0.0875 0.23515625 0.025 0.028125
5 0.44765625 0.6859375 0.034375 0.03046875
1 0.28359375 0.36953125 0.0421875 0.07578125
0 0.6515625 0.39453125 0.03359375 0.06328125
0 0.68359375 0.42421875 0.03828125 0.0609375
0 0.7328125 0.465625 0.04921875 0.08203125
2 0.5328125 0.7453125 0.10859375 0.17578125