4 0.28671875 0.35234375 0.1375 0.065625
4 0.59296875 0.340625 0.3234375 0.125
4 0.453125 0.49609375 0.19375 0.0875
0 0.52109375 0.67109375 0.19375 0.065625
4 0.77578125 0.45390625 0.36875 0.153125
4 0.6078125 0.10078125 0.2921875 0.13125
0 0.45703125 0.6140625 0.178125 0.065625
0 0.44765625 0.22109375 0.2125 0.0734375
4 0.59375 0.5921875 0.19375 0.090625
0 0.8875 0.2140625 0.225 0.1265625
4 0.3625 0.23828125 0.228125 0.0875
0 0.82578125 0.7765625 0.303125 0.140625
0 0.8640625 0.403125 0.271875 0.1484375
0 0.32421875 0.18125 0.19375 0.053125
0 0.70625 0.31015625 0.3078125 0.103125
0 0.246875 0.30234375 0.08125 0.034375
0 0.40078125 0.08203125 0.1578125 0.05625
0 0.3671875 0.3984375 0.0890625 0.040625
2 0.5953125 0.028125 0.15 0.05625
2 0.73046875 0.52421875 0.18125 0.1
2 0.56015625 0.38515625 0.1546875 0.090625
2 0.328125 0.2703125 0.103125 0.059375
5 0.32265625 0.25078125 0.034375 0.028125
5 0.6296875 0.07265625 0.04375 0.034375
1 0.42109375 0.32421875 0.071875 0.0515625
0 0.37734375 0.653125 0.0609375 0.0328125
0 0.41015625 0.68515625 0.053125 0.046875
0 0.45390625 0.72890625 0.0734375 0.0453125