4 0.34296875 0.2859375 0.071875 0.1515625
4 0.521875 0.49453125 0.09375 0.20625
0 0.7390625 0.884375 0.18125 0.23125
0 0.60390625 0.46328125 0.06875 0.1796875
0 0.63359375 0.68359375 0.0765625 0.11875
0 0.31328125 0.66875 0.115625 0.309375
0 0.6921875 0.55703125 0.071875 0.20625
0 0.39453125 0.884375 0.178125 0.23125
4 0.1046875 0.2140625 0.0609375 0.2625
0 0.16796875 0.79765625 0.1171875 0.315625
4 0.203125 0.26640625 0.075 0.2484375
4 0.0390625 0.2234375 0.06875 0.221875
4 0.16484375 0.1453125 0.0453125 0.140625
0 0.09921875 0.4921875 0.096875 0.240625
4 0.22109375 0.1328125 0.05 0.134375
0 0.2984375 0.25 0.034375 0.078125
0 0.06796875 0.39765625 0.075 0.1546875
0 0.1859375 0.48671875 0.1 0.240625
0 0.14609375 0.6515625 0.1375 0.215625
4 0.13515625 0.3015625 0.06875 0.321875
1 0.27265625 0.36015625 0.053125 0.06875
2 0.01328125 0.340625 0.0265625 0.09375
2 0.0171875 0.4109375 0.034375 0.09375
2 0.025 0.59453125 0.05 0.1296875
2 0.0734375 0.77109375 0.103125 0.1796875
2 0.5375 0.75390625 0.109375 0.1875
5 0.4453125 0.69296875 0.0375 0.0453125
5 0.0953125 0.8890625 0.05 0.04375
5 0.02578125 0.4609375 0.028125 0.028125
5 0.07109375 0.21875 0.0265625 0.0375
0 0.6578125 0.390625 0.0328125 0.0625
0 0.69140625 0.421875 0.04375 0.059375
0 0.74296875 0.46796875 0.0515625 0.1046875