4 0.4640625 0.46796875 0.1078125 0.215625
4 0.69765625 0.15390625 0.05625 0.190625
0 0.23203125 0.8828125 0.184375 0.234375
0 0.678125 0.65859375 0.121875 0.321875
4 0.878125 0.23359375 0.0796875 0.365625
0 0.34296875 0.67421875 0.08125 0.121875
0 0.37421875 0.44453125 0.071875 0.1859375
0 0.59375 0.8828125 0.184375 0.234375
0 0.8296875 0.7921875 0.1234375 0.328125
4 0.759375 0.1046875 0.05625 0.14375
4 0.76015625 0.27734375 0.078125 0.25625
0 0.28125 0.54375 0.075 0.215625
0 0.90234375 0.4734375 0.1 0.26875
0 0.8125 0.46953125 0.1140625 0.2546875
0 0.65 0.28359375 0.04375 0.0828125
0 0.85234375 0.63984375 0.14375 0.225
4 0.815625 0.0953125 0.0484375 0.121875
4 0.8171875 0.2234375 0.078125 0.2765625
0 0.68671875 0.23203125 0.0375 0.078125
0 0.31953125 0.3609375 0.0375 0.053125
0 0.28125 0.40390625 0.0421875 0.075
0 0.228125 0.45234375 0.053125 0.096875
1 0.7171875 0.3421875 0.0375 0.065625
5 0.53828125 0.68203125 0.0375 0.04375
5 0.9078125 0.890625 0.0625 0.053125
5 0.98203125 0.44453125 0.0328125 0.028125
5 0.9890625 0.2921875 0.021875 0.028125
2 0.98828125 0.3171875 0.021875 0.10625
2 0.98515625 0.39453125 0.0296875 0.0921875
2 0.97734375 0.58359375 0.0453125 0.1140625
2 0.9265625 0.78359375 0.1046875 0.18125
2 0.44765625 0.74921875 0.1234375 0.1890625