4 0.515625 0.48515625 0.0984375 0.1984375
4 0.30234375 0.1984375 0.0515625 0.17421875
0 0.728125 0.87890625 0.16953125 0.24140625
0 0.3203125 0.659375 0.1109375 0.2953125
4 0.13671875 0.27109375 0.07265625 0.334375
0 0.62734375 0.67421875 0.07421875 0.11171875
0 0.5984375 0.4640625 0.065625 0.1703125
0 0.39765625 0.87890625 0.16875 0.24140625
0 0.18125 0.78203125 0.11328125 0.3
4 0.2453125 0.153125 0.05078125 0.13203125
4 0.2453125 0.3109375 0.071875 0.23515625
0 0.68359375 0.55546875 0.06796875 0.196875
0 0.11484375 0.490625 0.09140625 0.2453125
0 0.19765625 0.48671875 0.10390625 0.23359375
0 0.34609375 0.31640625 0.0390625 0.07578125
0 0.1609375 0.64296875 0.13203125 0.20625
4 0.19375 0.14453125 0.04453125 0.1109375
4 0.19296875 0.26171875 0.071875 0.253125
0 0.3125 0.26953125 0.03515625 0.071875
0 0.6484375 0.3875 0.03515625 0.04765625
0 0.68359375 0.42734375 0.0390625 0.06875
0 0.73203125 0.471875 0.04765625 0.08828125
1 0.284375 0.3703125 0.03515625 0.0609375
5 0.4484375 0.68125 0.03359375 0.03984375
5 0.11015625 0.87265625 0.0578125 0.04921875
5 0.04140625 0.4640625 0.0296875 0.0265625
5 0.03203125 0.32578125 0.02578125 0.0265625
2 0.02421875 0.34765625 0.04453125 0.09765625
2 0.02734375 0.41953125 0.053125 0.084375
2 0.03515625 0.5921875 0.0640625 0.1046875
2 0.09296875 0.77421875 0.09609375 0.165625
2 0.53125 0.74296875 0.11328125 0.1734375