4 0.728125 0.646875 0.1375 0.071875
4 0.521875 0.4609375 0.2125 0.09375
0 0.1203125 0.240625 0.240625 0.184375
0 0.328125 0.3484375 0.1203125 0.078125
0 0.55234375 0.3796875 0.184375 0.0703125
4 0.7453125 0.76875 0.2375 0.0703125
0 0.3421875 0.67578125 0.3171875 0.11875
0 0.21015625 0.825 0.3234375 0.1203125
0 0.45625 0.28984375 0.2125 0.075
0 0.12109375 0.59375 0.2421875 0.18125
4 0.79921875 0.8859375 0.26875 0.0625
4 0.87734375 0.8296875 0.140625 0.053125
0 0.52421875 0.8953125 0.2421875 0.1
4 0.89296875 0.77109375 0.11875 0.0515625
4 0.71953125 0.853125 0.3109375 0.0734375
0 0.52890625 0.8109375 0.2359375 0.1
4 0.7890625 0.95859375 0.2375 0.0671875
0 0.7703125 0.6921875 0.078125 0.034375
0 0.6203125 0.9265625 0.1609375 0.078125
0 0.36171875 0.846875 0.2234375 0.1390625
5 0.315625 0.53984375 0.040625 0.0359375
5 0.11875 0.8984375 0.05 0.05
5 0.54921875 0.97109375 0.0296875 0.0296875
5 0.78046875 0.9390625 0.0375 0.021875
2 0.68046875 0.98515625 0.09375 0.0296875
2 0.603125 0.98203125 0.090625 0.0359375
2 0.4328125 0.97109375 0.1421875 0.0578125
2 0.2328125 0.921875 0.178125 0.109375
2 0.24765625 0.4484375 0.175 0.1140625
1 0.659375 0.71875 0.0609375 0.046875
0 0.62734375 0.3265625 0.0609375 0.04375
0 0.59375 0.28828125 0.0734375 0.040625
0 0.55390625 0.23671875 0.078125 0.053125