4 0.75390625 0.2640625 0.0390625 0.0984375
4 0.83671875 0.296875 0.0484375 0.10625
4 0.6578125 0.25234375 0.0609375 0.125
4 0.6546875 0.8046875 0.20703125 0.24296875
4 0.71640625 0.184375 0.034375 0.08125
4 0.428125 0.3640625 0.0921875 0.45234375
4 0.8765625 0.2609375 0.0390625 0.096875
4 0.346875 0.371875 0.09921875 0.409375
4 0.20859375 0.85390625 0.13125 0.29140625
0 0.3671875 0.540625 0.0703125 0.1734375
0 0.68125 0.75 0.134375 0.23125
0 0.778125 0.6515625 0.0953125 0.29375
0 0.509375 0.45 0.1109375 0.1546875
0 0.6390625 0.56875 0.134375 0.2796875
4 0.646875 0.4546875 0.1015625 0.2203125
4 0.4703125 0.62265625 0.165625 0.2453125
1 0.328125 0.58125 0.0734375 0.07890625
1 0.6328125 0.878125 0.13203125 0.13359375
5 0.25859375 0.75390625 0.0328125 0.0609375
5 0.4984375 0.7984375 0.03515625 0.05546875
0 0.1328125 0.7484375 0.0703125 0.1609375
0 0.1359375 0.96640625 0.04921875 0.06640625
2 0.3078125 0.80234375 0.11953125 0.23203125
2 0.428125 0.678125 0.1171875 0.14140625
2 0.290625 0.6015625 0.0953125 0.1140625
2 0.61953125 0.91328125 0.10625 0.1234375
2 0.4828125 0.22890625 0.065625 0.09453125
2 0.66875 0.4 0.03671875 0.10546875
5 0.690625 0.44921875 0.01796875 0.04296875
2 0.690625 0.2296875 0.05078125 0.0625
2 0.7734375 0.253125 0.02109375 0.0515625
2 0.8625 0.30625 0.03203125 0.065625