4 0.8109375 0.26484375 0.040625 0.10625
4 0.9 0.3 0.0515625 0.115625
4 0.70703125 0.25234375 0.065625 0.134375
4 0.703125 0.8484375 0.2234375 0.2625
4 0.76953125 0.178125 0.0375 0.0875
4 0.459375 0.37265625 0.1 0.4875
4 0.9421875 0.26171875 0.0421875 0.103125
4 0.371875 0.38125 0.10625 0.440625
4 0.22265625 0.871875 0.1421875 0.25625
0 0.39375 0.56328125 0.075 0.1875
0 0.7328125 0.7890625 0.14375 0.25
0 0.83671875 0.68359375 0.103125 0.3171875
0 0.546875 0.465625 0.11875 0.1671875
0 0.6859375 0.59296875 0.14375 0.303125
4 0.6953125 0.47109375 0.109375 0.2375
4 0.5046875 0.6515625 0.178125 0.265625
1 0.3515625 0.60703125 0.078125 0.084375
1 0.6796875 0.92734375 0.1421875 0.14375
5 0.2765625 0.79375 0.034375 0.065625
5 0.53515625 0.8421875 0.0375 0.059375
0 0.140625 0.7875 0.075 0.175
2 0.3296875 0.8453125 0.128125 0.25
2 0.459375 0.71171875 0.1265625 0.153125
2 0.3109375 0.62890625 0.103125 0.121875
2 0.665625 0.94921875 0.115625 0.1015625
2 0.51796875 0.22734375 0.071875 0.1015625
2 0.71796875 0.41171875 0.040625 0.1140625
5 0.74140625 0.46484375 0.01875 0.046875
2 0.74140625 0.228125 0.0546875 0.0671875
2 0.83125 0.253125 0.021875 0.05625
2 0.92734375 0.31015625 0.034375 0.0703125