4 0.51484375 0.49921875 0.203125 0.096875
4 0.72421875 0.3203125 0.140625 0.06875
0 0.5234375 0.15625 0.234375 0.0875
0 0.1109375 0.36640625 0.221875 0.1765625
4 0.70625 0.11875 0.359375 0.075
0 0.45390625 0.6734375 0.2046875 0.075
0 0.321875 0.61796875 0.11875 0.0765625
0 0.3359375 0.2859375 0.31875 0.109375
0 0.5453125 0.5828125 0.1828125 0.06875
0 0.56328125 0.0625 0.2375 0.109375
0 0.11640625 0.721875 0.2328125 0.175
4 0.68828125 0.20078125 0.3328125 0.065625
4 0.7796875 0.01953125 0.234375 0.0390625
0 0.3375 0.11015625 0.246875 0.1375
4 0.80234375 0.0640625 0.275 0.053125
4 0.7828125 0.12265625 0.1875 0.06875
4 0.87265625 0.196875 0.13125 0.0484375
4 0.8796875 0.134375 0.11875 0.053125
0 0.76015625 0.27578125 0.078125 0.0359375
0 0.20625 0.14375 0.3125 0.1203125
4 0.76015625 0.203125 0.1875 0.0640625
0 0.62109375 0.0375 0.134375 0.06875
0 0.703125 0.1984375 0.19375 0.053125
2 0.246875 0.5140625 0.184375 0.1046875
2 0.23203125 0.0484375 0.1671875 0.096875
2 0.42890625 0.01015625 0.140625 0.0203125
5 0.55 0.003125 0.028125 0.00625
5 0.1125 0.0671875 0.0515625 0.0515625
5 0.31640625 0.42265625 0.0390625 0.034375
1 0.6484375 0.246875 0.0625 0.046875
5 0.7765625 0.025 0.034375 0.0203125
0 0.54765625 0.728125 0.090625 0.0453125
0 0.6265625 0.63671875 0.05625 0.034375
0 0.58984375 0.67109375 0.065625 0.040625