4 0.515625 0.48515625 0.09765625 0.1984375
4 0.303125 0.19921875 0.05390625 0.1734375
0 0.728125 0.87890625 0.16953125 0.24140625
4 0.1375 0.2765625 0.07421875 0.340625
4 0.246875 0.315625 0.0765625 0.246875
0 0.3203125 0.659375 0.1109375 0.2953125
0 0.62734375 0.675 0.07421875 0.1109375
0 0.18125 0.78359375 0.11328125 0.2984375
0 0.5984375 0.4640625 0.06484375 0.1703125
0 0.396875 0.878125 0.16875 0.24375
0 0.68359375 0.55546875 0.06796875 0.196875
4 0.24609375 0.14375 0.04921875 0.11484375
0 0.1984375 0.4859375 0.10546875 0.23359375
0 0.11328125 0.48828125 0.09296875 0.25078125
0 0.34609375 0.31640625 0.0390625 0.07578125
0 0.159375 0.64375 0.13046875 0.20625
4 0.18046875 0.25234375 0.0546875 0.26171875
4 0.20234375 0.14296875 0.040625 0.0984375
0 0.64921875 0.38984375 0.03359375 0.06640625
0 0.68203125 0.42421875 0.03671875 0.06875
0 0.7328125 0.4671875 0.04765625 0.0875
5 0.44609375 0.68515625 0.03515625 0.02890625
5 0.1125 0.87265625 0.046875 0.0453125
5 0.04296875 0.46171875 0.02578125 0.03203125
5 0.03359375 0.32578125 0.021875 0.0234375
2 0.0234375 0.3390625 0.04453125 0.09375
2 0.02578125 0.4125 0.0484375 0.08984375
2 0.0375 0.57890625 0.07109375 0.1359375
2 0.09296875 0.7609375 0.09921875 0.16640625
2 0.53203125 0.7390625 0.1046875 0.171875
1 0.28671875 0.36953125 0.0328125 0.0703125