4 0.3484375 0.290625 0.065625 0.134375
4 0.3359375 0.5953125 0.11875 0.315625
4 0.4984375 0.46484375 0.1 0.1828125
0 0.6640625 0.52265625 0.065625 0.1890625
0 0.60703125 0.4578125 0.0640625 0.175
4 0.446875 0.77890625 0.14375 0.353125
4 0.1015625 0.609375 0.128125 0.2984375
0 0.7671875 0.82265625 0.1390625 0.296875
0 0.2140625 0.8859375 0.1234375 0.228125
0 0.2203125 0.4515625 0.075 0.20625
4 0.58515625 0.59609375 0.090625 0.184375
4 0.2375 0.36484375 0.084375 0.221875
0 0.3984375 0.86484375 0.14375 0.2703125
0 0.30859375 0.703125 0.103125 0.303125
0 0.18046875 0.32734375 0.053125 0.190625
0 0.3 0.253125 0.034375 0.08125
0 0.0828125 0.40546875 0.0546875 0.15625
0 0.3953125 0.37109375 0.040625 0.0875
2 0.0296875 0.59140625 0.059375 0.1546875
2 0.384375 0.56015625 0.090625 0.15
2 0.2671875 0.3328125 0.0625 0.0921875
2 0.52890625 0.725 0.0875 0.184375
0 0.72109375 0.459375 0.0375 0.059375
0 0.64609375 0.37734375 0.0296875 0.053125
0 0.67578125 0.4109375 0.040625 0.059375
1 0.3234375 0.4234375 0.04375 0.0671875
5 0.0734375 0.628125 0.034375 0.034375
5 0.42890625 0.6640625 0.0375 0.04375