4 0.709375 0.65078125 0.1421875 0.06875
4 0.51015625 0.478125 0.2 0.09375
0 0.12265625 0.2671875 0.2453125 0.175
0 0.540625 0.3984375 0.175 0.0671875
0 0.32734375 0.36875 0.1125 0.0734375
0 0.12109375 0.6 0.240625 0.171875
0 0.44921875 0.3125 0.2 0.0703125
0 0.34140625 0.6796875 0.2984375 0.109375
4 0.7796875 0.8796875 0.25 0.0609375
0 0.215625 0.8203125 0.315625 0.1125
4 0.84609375 0.8203125 0.1375 0.05
4 0.7421875 0.78671875 0.2453125 0.0640625
0 0.51328125 0.88671875 0.2328125 0.0953125
0 0.746875 0.69375 0.075 0.0328125
4 0.77421875 0.94453125 0.2140625 0.065625
0 0.51484375 0.803125 0.234375 0.0984375
0 0.60390625 0.9171875 0.15 0.071875
0 0.359375 0.84296875 0.209375 0.1296875
4 0.86484375 0.76640625 0.121875 0.046875
4 0.71328125 0.8484375 0.3078125 0.071875
5 0.32265625 0.5515625 0.04375 0.046875
5 0.13515625 0.8875 0.06875 0.04375
5 0.54296875 0.959375 0.025 0.028125
5 0.7734375 0.915625 0.025 0.0265625
2 0.2484375 0.46484375 0.1859375 0.10625
2 0.24609375 0.91171875 0.175 0.109375
2 0.42734375 0.96640625 0.146875 0.0671875
2 0.590625 0.97578125 0.090625 0.0484375
2 0.6625 0.97890625 0.09375 0.0421875
1 0.6359375 0.71875 0.0625 0.05
0 0.6109375 0.34453125 0.065625 0.0328125
0 0.58203125 0.31484375 0.0640625 0.0375
0 0.54453125 0.26015625 0.0828125 0.04375