4 0.22421875 0.2171875 0.040625 0.10625
4 0.1359375 0.2515625 0.0515625 0.1125
4 0.3265625 0.2046875 0.065625 0.134375
4 0.33046875 0.79375 0.221875 0.259375
4 0.3484375 0.1703125 0.034375 0.078125
4 0.26484375 0.13203125 0.0359375 0.0875
4 0.5359375 0.32109375 0.0984375 0.48125
4 0.09453125 0.2140625 0.0421875 0.103125
4 0.6375 0.28828125 0.10625 0.4359375
0 0.8796875 0.74375 0.090625 0.1703125
0 0.63671875 0.5125 0.075 0.184375
0 0.3015625 0.7359375 0.14375 0.246875
0 0.19921875 0.63046875 0.1015625 0.3125
0 0.48515625 0.415625 0.11875 0.165625
0 0.34765625 0.5421875 0.14375 0.2984375
4 0.33828125 0.42109375 0.109375 0.234375
4 0.5265625 0.6 0.1765625 0.2625
2 0.4328125 0.32734375 0.053125 0.0609375
2 0.49296875 0.1703125 0.0703125 0.090625
2 0.71796875 0.56953125 0.115625 0.121875
2 0.56953125 0.6796875 0.134375 0.1640625
2 0.36796875 0.91015625 0.125 0.121875
2 0.7046875 0.7890625 0.1375 0.25
0 0.890625 0.9671875 0.0625 0.065625
4 0.803125 0.85234375 0.134375 0.2953125
5 0.753125 0.73984375 0.040625 0.06875
5 0.49765625 0.79375 0.034375 0.0515625
1 0.678125 0.54765625 0.0796875 0.09375
1 0.346875 0.878125 0.1375 0.1359375
2 0.31640625 0.3546875 0.053125 0.0859375
2 0.29140625 0.184375 0.040625 0.065625
2 0.20390625 0.20859375 0.0234375 0.0609375
2 0.1109375 0.25625 0.025 0.046875
0 0.36484375 0.23671875 0.053125 0.10625