4 0.346875 0.2921875 0.0640625 0.13203125
4 0.33359375 0.59375 0.11796875 0.3109375
4 0.49453125 0.4640625 0.09765625 0.18046875
0 0.65859375 0.52109375 0.06484375 0.18671875
0 0.60234375 0.45703125 0.06328125 0.171875
4 0.44375 0.775 0.1421875 0.35
4 0.10234375 0.60703125 0.12734375 0.2953125
0 0.76015625 0.81875 0.1375 0.29453125
0 0.21328125 0.884375 0.121875 0.23125
0 0.21953125 0.4515625 0.0734375 0.2046875
4 0.58125 0.59375 0.08984375 0.18203125
4 0.23671875 0.365625 0.0828125 0.2203125
0 0.3953125 0.8625 0.14375 0.275
0 0.30703125 0.7 0.10234375 0.3
0 0.18046875 0.32890625 0.0515625 0.1890625
0 0.2984375 0.2546875 0.03515625 0.0796875
0 0.08359375 0.40546875 0.05390625 0.15546875
0 0.3921875 0.37109375 0.04140625 0.08671875
2 0.03046875 0.58984375 0.06015625 0.153125
2 0.38203125 0.55859375 0.08984375 0.1484375
2 0.265625 0.334375 0.0625 0.09140625
2 0.525 0.721875 0.0859375 0.18125
0 0.715625 0.459375 0.03828125 0.05859375
0 0.640625 0.37734375 0.02890625 0.0515625
0 0.6703125 0.4109375 0.0390625 0.059375
1 0.32109375 0.4234375 0.04296875 0.06640625
5 0.07421875 0.62578125 0.034375 0.034375
5 0.42578125 0.66171875 0.03828125 0.0421875