4 0.75390625 0.2640625 0.0390625 0.0984375
4 0.83671875 0.296875 0.0484375 0.10625
4 0.6578125 0.25234375 0.0609375 0.125
4 0.6546875 0.8046875 0.20703125 0.24296875
4 0.71640625 0.184375 0.034375 0.08125
4 0.8765625 0.2609375 0.0390625 0.096875
4 0.721875 0.284375 0.090625 0.20546875
4 0.196875 0.85390625 0.13125 0.29140625
0 0.3671875 0.540625 0.0703125 0.1734375
0 0.68125 0.75 0.134375 0.23125
0 0.778125 0.6515625 0.0953125 0.29375
4 0.4703125 0.37265625 0.11875 0.18984375
0 0.6390625 0.56875 0.134375 0.2796875
4 0.646875 0.4546875 0.1015625 0.2203125
4 0.4703125 0.62265625 0.165625 0.2453125
2 0.65859375 0.39921875 0.0578125 0.1015625
2 0.52890625 0.36640625 0.0734375 0.1140625
2 0.3046875 0.80625 0.12734375 0.259375
2 0.29140625 0.59765625 0.1015625 0.12109375
2 0.42890625 0.69609375 0.1203125 0.14140625
2 0.6109375 0.91015625 0.128125 0.134375
2 0.77265625 0.253125 0.0265625 0.04296875
2 0.68515625 0.21875 0.025 0.0484375
2 0.8609375 0.303125 0.02265625 0.05546875
1 0.640625 0.8828125 0.13046875 0.1375
1 0.33046875 0.575 0.0765625 0.08359375
5 0.259375 0.759375 0.03984375 0.0640625
5 0.50546875 0.8015625 0.03125 0.04453125
5 0.69296875 0.45390625 0.021875 0.046875
0 0.1296875 0.753125 0.075 0.175
0 0.13203125 0.9546875 0.0484375 0.090625