4 0.75390625 0.2640625 0.0390625 0.0984375
4 0.83671875 0.296875 0.0484375 0.10625
4 0.6578125 0.25234375 0.0609375 0.125
4 0.6546875 0.8046875 0.20703125 0.24296875
4 0.6375 0.21953125 0.03203125 0.0734375
4 0.71640625 0.184375 0.034375 0.08125
4 0.46171875 0.36171875 0.0921875 0.45234375
4 0.8765625 0.2609375 0.0390625 0.096875
4 0.36640625 0.33046875 0.09921875 0.409375
0 0.13984375 0.7578125 0.084375 0.159375
0 0.3671875 0.540625 0.0703125 0.1734375
0 0.68125 0.75 0.134375 0.23125
0 0.778125 0.6515625 0.0953125 0.29375
0 0.509375 0.45 0.1109375 0.1546875
0 0.6390625 0.56875 0.134375 0.2796875
4 0.646875 0.4546875 0.1015625 0.2203125
4 0.4703125 0.62265625 0.165625 0.2453125
2 0.55859375 0.3671875 0.05 0.05703125
2 0.50234375 0.2203125 0.065625 0.084375
2 0.29140625 0.59453125 0.1078125 0.1140625
2 0.43125 0.69765625 0.12578125 0.15390625
2 0.61875 0.9140625 0.11640625 0.1140625
2 0.303125 0.8 0.12890625 0.23359375
0 0.1296875 0.96796875 0.059375 0.0640625
4 0.21171875 0.86015625 0.1265625 0.27890625
5 0.25859375 0.75390625 0.0390625 0.0640625
5 0.4984375 0.8046875 0.03203125 0.0484375
1 0.32890625 0.5734375 0.075 0.0890625
1 0.6390625 0.88359375 0.128125 0.128125
2 0.6671875 0.39296875 0.05078125 0.08046875
2 0.69140625 0.23359375 0.0375 0.0609375
2 0.7734375 0.25625 0.021875 0.05703125
2 0.8609375 0.30078125 0.02265625 0.04296875
0 0.621875 0.2828125 0.04921875 0.0984375