4 0.75625 0.25703125 0.0390625 0.1
4 0.840625 0.290625 0.0484375 0.1078125
4 0.65859375 0.24609375 0.0625 0.1265625
4 0.6546875 0.80625 0.209375 0.246875
4 0.425 0.35859375 0.09375 0.459375
4 0.88046875 0.2546875 0.040625 0.096875
4 0.30703125 0.3671875 0.1 0.415625
0 0.13125 0.76875 0.084375 0.18125
0 0.36328125 0.53828125 0.071875 0.1765625
0 0.6828125 0.75078125 0.1359375 0.234375
0 0.78046875 0.6515625 0.096875 0.2984375
0 0.5078125 0.446875 0.1125 0.15625
0 0.6390625 0.56640625 0.1359375 0.284375
4 0.64765625 0.4515625 0.103125 0.2234375
4 0.46796875 0.621875 0.16875 0.25
2 0.30234375 0.803125 0.1140625 0.23125
2 0.4984375 0.9484375 0.13125 0.103125
2 0.4265625 0.6859375 0.1203125 0.134375
2 0.28984375 0.59765625 0.0875 0.115625
2 0.66640625 0.39453125 0.05 0.090625
2 0.55390625 0.36171875 0.053125 0.059375
2 0.69609375 0.22578125 0.0375 0.065625
2 0.77421875 0.24453125 0.028125 0.046875
2 0.8703125 0.29375 0.01875 0.046875
1 0.6390625 0.884375 0.128125 0.134375
1 0.32578125 0.57578125 0.06875 0.08125
2 0.62734375 0.9171875 0.10625 0.1046875
5 0.5 0.8 0.0390625 0.05
5 0.253125 0.75859375 0.0390625 0.0578125
5 0.6953125 0.446875 0.0203125 0.040625
2 0.46796875 0.22265625 0.0625 0.1
4 0.209375 0.84609375 0.128125 0.3078125
0 0.128125 0.9734375 0.059375 0.053125