4 0.515625 0.484375 0.09921875 0.196875
4 0.3 0.19453125 0.0546875 0.16796875
0 0.728125 0.87890625 0.16875 0.24140625
0 0.09375 0.39921875 0.07890625 0.15546875
0 0.3203125 0.6609375 0.11015625 0.2953125
0 0.62734375 0.67421875 0.07265625 0.11015625
0 0.59765625 0.46328125 0.065625 0.17109375
0 0.18125 0.78203125 0.1125 0.30390625
0 0.396875 0.878125 0.16875 0.24375
4 0.2484375 0.31328125 0.06796875 0.23984375
0 0.68359375 0.55546875 0.06796875 0.196875
0 0.1140625 0.49140625 0.0921875 0.2296875
0 0.34609375 0.31640625 0.0390625 0.07578125
4 0.2234375 0.18203125 0.05390625 0.13125
0 0.196875 0.4859375 0.1046875 0.2296875
0 0.159375 0.64375 0.13046875 0.203125
4 0.19140625 0.2890625 0.071875 0.23203125
4 0.1734375 0.2765625 0.078125 0.359375
0 0.65078125 0.390625 0.0328125 0.059375
0 0.68046875 0.42421875 0.0390625 0.0671875
0 0.73671875 0.46484375 0.0390625 0.0703125
2 0.02265625 0.3421875 0.0453125 0.096875
2 0.0265625 0.41171875 0.05234375 0.08515625
2 0.03515625 0.57734375 0.0703125 0.13359375
2 0.090625 0.759375 0.1 0.16640625
2 0.5328125 0.74765625 0.1109375 0.171875
1 0.28515625 0.3703125 0.03515625 0.05546875
5 0.03515625 0.325 0.01953125 0.025
5 0.04453125 0.46171875 0.03125 0.02890625
5 0.11328125 0.878125 0.04765625 0.053125
5 0.44609375 0.68359375 0.0390625 0.0328125
0 0.3125 0.2640625 0.03828125 0.09375