4 0.75390625 0.2640625 0.0390625 0.0984375
4 0.83671875 0.296875 0.0484375 0.10625
4 0.6578125 0.25234375 0.0609375 0.125
4 0.6546875 0.8046875 0.20703125 0.24296875
4 0.71640625 0.184375 0.034375 0.08125
4 0.46171875 0.36171875 0.0921875 0.45234375
4 0.8765625 0.2609375 0.0390625 0.096875
4 0.36640625 0.33046875 0.09921875 0.409375
0 0.13984375 0.75546875 0.084375 0.15390625
0 0.3671875 0.540625 0.0703125 0.1734375
0 0.68125 0.75 0.134375 0.23125
0 0.778125 0.6515625 0.0953125 0.29375
0 0.509375 0.45 0.1109375 0.1546875
0 0.6390625 0.56875 0.134375 0.2796875
4 0.646875 0.4546875 0.1015625 0.2203125
4 0.4703125 0.62265625 0.165625 0.2453125
5 0.5015625 0.7984375 0.034375 0.046875
5 0.2578125 0.75859375 0.034375 0.0640625
5 0.6953125 0.4578125 0.01484375 0.04296875
2 0.2953125 0.609375 0.09296875 0.11640625
2 0.4328125 0.69765625 0.12578125 0.140625
2 0.625 0.92421875 0.11015625 0.109375
2 0.30625 0.80078125 0.1171875 0.2265625
2 0.5546875 0.3671875 0.05078125 0.04609375
2 0.665625 0.39140625 0.04140625 0.08046875
2 0.6921875 0.22578125 0.0375 0.0515625
2 0.7765625 0.25703125 0.02890625 0.053125
0 0.13515625 0.96640625 0.053125 0.06640625
4 0.21328125 0.85234375 0.1109375 0.2953125
1 0.325 0.57109375 0.07265625 0.09453125
1 0.634375 0.88046875 0.134375 0.1359375