4 0.66875 0.2828125 0.0703125 0.146875
4 0.4890625 0.48671875 0.1 0.2109375
0 0.2546875 0.89296875 0.184375 0.2140625
4 0.87734375 0.78203125 0.1625 0.36875
0 0.30234375 0.5671875 0.078125 0.215625
4 0.5609375 0.81171875 0.1828125 0.3765625
4 0.9328125 0.57890625 0.134375 0.2984375
0 0.72265625 0.6984375 0.14375 0.328125
4 0.4 0.6 0.090625 0.19375
4 0.94765625 0.39453125 0.0828125 0.25625
0 0.790625 0.4484375 0.084375 0.2765625
0 0.61796875 0.88046875 0.165625 0.2375
0 0.3921875 0.4640625 0.075 0.19375
0 0.71953125 0.23828125 0.0359375 0.084375
1 0.74765625 0.3671875 0.05625 0.08125
2 0.9875 0.409375 0.025 0.065625
2 0.98125 0.6 0.0375 0.1375
2 0.94921875 0.80859375 0.1 0.184375
2 0.48671875 0.7625 0.109375 0.1625
5 0.9234375 0.93828125 0.0578125 0.046875
5 0.97890625 0.690625 0.0421875 0.034375
0 0.3453125 0.38125 0.04375 0.084375
0 0.3015625 0.428125 0.05 0.059375
0 0.24765625 0.46640625 0.05625 0.0875