4 0.51953125 0.49453125 0.09140625 0.19140625
4 0.35078125 0.29765625 0.06484375 0.13046875
0 0.39375 0.884375 0.165625 0.228125
0 0.68359375 0.5515625 0.0703125 0.19296875
0 0.63125 0.67578125 0.07265625 0.1109375
4 0.23203125 0.33203125 0.06875 0.31171875
0 0.5984375 0.465625 0.065625 0.171875
0 0.196875 0.4859375 0.08359375 0.2203125
0 0.31953125 0.6640625 0.103125 0.2984375
0 0.72890625 0.8796875 0.1640625 0.23828125
4 0.22890625 0.153125 0.046875 0.1265625
4 0.16953125 0.21875 0.06015625 0.2640625
4 0.06015625 0.25078125 0.06015625 0.21796875
0 0.10859375 0.45078125 0.103125 0.2265625
0 0.153125 0.6609375 0.12890625 0.23203125
0 0.30859375 0.26328125 0.034375 0.0734375
4 0.17421875 0.28203125 0.07265625 0.35390625
4 0.18515625 0.13671875 0.03515625 0.0859375
0 0.184375 0.78515625 0.1125 0.29375
4 0.18046875 0.26328125 0.06640625 0.28359375
4 0.09375 0.24375 0.0484375 0.23046875
4 0.0796875 0.2453125 0.06484375 0.21953125
4 0.10390625 0.2203125 0.03984375 0.265625
4 0.1859375 0.2265625 0.059375 0.20078125
0 0.18203125 0.30859375 0.04609375 0.19140625
4 0.19296875 0.2109375 0.06328125 0.1734375
0 0.08359375 0.39375 0.06484375 0.1265625
1 0.2796875 0.3640625 0.046875 0.07109375
2 0.53203125 0.7484375 0.1109375 0.18515625
2 0.09375 0.75625 0.09765625 0.1625
2 0.034375 0.57109375 0.065625 0.13984375
2 0.02578125 0.4140625 0.04921875 0.10546875
2 0.0203125 0.34140625 0.040625 0.0953125
5 0.4453125 0.68125 0.0375 0.0421875
5 0.1109375 0.871875 0.0453125 0.05
5 0.040625 0.4578125 0.03515625 0.03203125
0 0.7328125 0.459375 0.03984375 0.0859375
0 0.64921875 0.38984375 0.03671875 0.06484375
0 0.68125 0.4203125 0.03984375 0.0671875