4 0.1984375 0.2078125 0.040625 0.10625
4 0.109375 0.24296875 0.0515625 0.115625
4 0.30234375 0.1953125 0.065625 0.134375
4 0.30625 0.79140625 0.2234375 0.2625
4 0.23984375 0.12109375 0.0375 0.0875
4 0.0671875 0.2046875 0.0421875 0.103125
4 0.23359375 0.2296875 0.096875 0.221875
4 0.79921875 0.84375 0.1421875 0.3125
0 0.615625 0.50625 0.075 0.1875
0 0.2765625 0.73203125 0.14375 0.25
0 0.17265625 0.6265625 0.103125 0.3171875
4 0.50390625 0.325 0.128125 0.2046875
0 0.3234375 0.53671875 0.14375 0.303125
4 0.3140625 0.4140625 0.109375 0.2375
4 0.50390625 0.59453125 0.178125 0.265625
2 0.3015625 0.35390625 0.0625 0.109375
2 0.44140625 0.31875 0.078125 0.121875
2 0.68359375 0.79296875 0.1375 0.28125
2 0.69765625 0.56796875 0.109375 0.13125
2 0.54921875 0.67421875 0.1296875 0.153125
2 0.353125 0.90546875 0.1375 0.1453125
2 0.17890625 0.19609375 0.028125 0.046875
2 0.27265625 0.15859375 0.028125 0.053125
2 0.08359375 0.25 0.025 0.059375
1 0.32109375 0.87578125 0.140625 0.1484375
1 0.65546875 0.54375 0.0828125 0.090625
5 0.73203125 0.74296875 0.04375 0.06875
5 0.46640625 0.7875 0.034375 0.046875
5 0.26484375 0.41328125 0.0234375 0.05
0 0.871875 0.73515625 0.08125 0.1890625
0 0.86953125 0.95234375 0.053125 0.0953125