4 0.609375 0.92578125 0.3 0.14375
0 0.44609375 0.79609375 0.228125 0.0703125
4 0.371875 0.7640625 0.24375 0.090625
4 0.28671875 0.65625 0.13125 0.0625
4 0.5953125 0.66640625 0.315625 0.121875
4 0.4640625 0.5015625 0.1796875 0.1
4 0.60546875 0.41015625 0.1921875 0.0953125
0 0.8625 0.59140625 0.275 0.1734375
4 0.78125 0.5546875 0.35625 0.15
0 0.4765625 0.39140625 0.1921875 0.0703125
0 0.51796875 0.3390625 0.1921875 0.071875
0 0.8890625 0.79453125 0.221875 0.11875
0 0.68671875 0.85390625 0.35 0.06875
0 0.84453125 0.225 0.30625 0.134375
0 0.396875 0.93671875 0.1484375 0.05625
0 0.32109375 0.83359375 0.2109375 0.05
0 0.71953125 0.69453125 0.3234375 0.1046875
0 0.36953125 0.6109375 0.071875 0.04375
0 0.24453125 0.70703125 0.078125 0.03125
0 0.3765625 0.346875 0.059375 0.0328125
0 0.4078125 0.3171875 0.075 0.040625
0 0.45859375 0.27109375 0.078125 0.04375
5 0.6328125 0.94375 0.046875 0.0375
5 0.31328125 0.76171875 0.0390625 0.0234375
5 0.671875 0.5765625 0.04375 0.0484375
2 0.73828125 0.471875 0.1875 0.084375
2 0.56953125 0.615625 0.15625 0.0875
2 0.33359375 0.7421875 0.10625 0.065625
2 0.59375 0.9796875 0.16875 0.040625