4 0.88671875 0.1984375 0.225 0.1046875
4 0.45859375 0.628125 0.246875 0.078125
4 0.284375 0.64765625 0.1375 0.0671875
4 0.32890625 0.83984375 0.159375 0.0515625
4 0.26328125 0.86796875 0.0890625 0.0359375
4 0.7328125 0.7015625 0.3171875 0.1375
4 0.60625 0.47890625 0.25625 0.11875
4 0.265625 0.75 0.1078125 0.040625
4 0.44765625 0.88203125 0.3671875 0.0625
4 0.31015625 0.7203125 0.115625 0.0625
4 0.2015625 0.71328125 0.090625 0.040625
2 0.22109375 0.69453125 0.05 0.034375
2 0.2546875 0.77421875 0.05 0.021875
2 0.3734375 0.53046875 0.1125 0.075
2 0.39921875 0.64765625 0.084375 0.065625
2 0.9296875 0.6140625 0.109375 0.1171875
2 0.69765625 0.428125 0.1390625 0.109375
2 0.6125 0.28828125 0.128125 0.090625
2 0.81015625 0.29765625 0.2390625 0.128125
5 0.76640625 0.25234375 0.0625 0.034375
5 0.81015625 0.4984375 0.046875 0.034375
1 0.5796875 0.321875 0.090625 0.075
1 0.89140625 0.63203125 0.15625 0.128125
0 0.7578125 0.1265625 0.178125 0.0640625
0 0.940625 0.1484375 0.11875 0.05