4 0.46796875 0.50703125 0.2203125 0.109375
4 0.79140625 0.26875 0.184375 0.0578125
0 0.08203125 0.7421875 0.1625 0.190625
0 0.25625 0.63046875 0.1234375 0.08125
0 0.271875 0.2890625 0.328125 0.121875
0 0.56328125 0.03984375 0.16875 0.0796875
0 0.490625 0.59765625 0.1890625 0.071875
0 0.0828125 0.375 0.165625 0.1875
4 0.6546875 0.21015625 0.271875 0.0875
0 0.1515625 0.134375 0.303125 0.125
0 0.4578125 0.06015625 0.259375 0.103125
0 0.38984375 0.69296875 0.2203125 0.075
4 0.84453125 0.2046875 0.1296875 0.053125
0 0.46484375 0.153125 0.25625 0.1171875
0 0.6546875 0.31796875 0.084375 0.04375
4 0.82734375 0.16015625 0.153125 0.059375
4 0.70234375 0.10234375 0.3875 0.08125
0 0.2890625 0.11015625 0.2265625 0.14375
0 0.70859375 0.28125 0.08125 0.0375
5 0.034375 0.05703125 0.053125 0.059375
5 0.24375 0.428125 0.040625 0.0546875
2 0.153125 0.04765625 0.2015625 0.0953125
2 0.17421875 0.52421875 0.196875 0.1171875
1 0.596875 0.25 0.06875 0.0359375
1 0.57578125 0.65390625 0.0703125 0.04375