4 0.34765625 0.29296875 0.06328125 0.134375
4 0.3359375 0.59140625 0.12109375 0.31484375
4 0.4875 0.45546875 0.0859375 0.18984375
0 0.6578125 0.52109375 0.0640625 0.1890625
4 0.44609375 0.76953125 0.15 0.36015625
4 0.10234375 0.60625 0.12734375 0.284375
0 0.60234375 0.459375 0.06328125 0.17421875
0 0.21953125 0.45 0.071875 0.20703125
4 0.58125 0.59296875 0.0890625 0.1890625
0 0.2125 0.884375 0.12265625 0.23046875
4 0.23671875 0.3671875 0.084375 0.2234375
0 0.7609375 0.81796875 0.13671875 0.2953125
0 0.396875 0.8609375 0.14453125 0.27578125
0 0.18125 0.3296875 0.0515625 0.1890625
0 0.30625 0.7015625 0.10078125 0.3
0 0.29921875 0.2546875 0.034375 0.0796875
0 0.08359375 0.4046875 0.05390625 0.15390625
0 0.3921875 0.37109375 0.040625 0.08671875
2 0.0296875 0.59375 0.059375 0.14609375
2 0.51484375 0.72578125 0.09765625 0.17578125
2 0.37890625 0.559375 0.08828125 0.15078125
2 0.2671875 0.33359375 0.0578125 0.10078125
5 0.2484375 0.328125 0.0265625 0.034375
5 0.075 0.62734375 0.034375 0.0421875
1 0.31953125 0.42421875 0.05 0.0703125
0 0.640625 0.38125 0.03203125 0.059375
0 0.67109375 0.41328125 0.04609375 0.0515625
0 0.7140625 0.45625 0.04375 0.07109375