4 0.20390625 0.88359375 0.1046875 0.2328125
4 0.63125 0.45625 0.07734375 0.24296875
4 0.65 0.284375 0.06640625 0.1359375
4 0.840625 0.328125 0.05 0.1578125
4 0.86796875 0.2625 0.0359375 0.08828125
4 0.703125 0.72734375 0.1359375 0.3140625
4 0.48359375 0.60234375 0.11875 0.25390625
4 0.7515625 0.265625 0.0390625 0.10703125
4 0.88203125 0.44609375 0.0609375 0.36328125
4 0.721875 0.309375 0.0625 0.1140625
4 0.71484375 0.20234375 0.0390625 0.08984375
2 0.696875 0.221875 0.03515625 0.0484375
2 0.775 0.2546875 0.021875 0.0484375
2 0.534375 0.371875 0.0734375 0.1109375
2 0.65 0.396875 0.06484375 0.08359375
2 0.6171875 0.921875 0.11640625 0.10859375
2 0.4328125 0.6921875 0.1078125 0.1375
2 0.29453125 0.60859375 0.0890625 0.128125
2 0.303125 0.80390625 0.12578125 0.2359375
5 0.259375 0.76015625 0.03359375 0.0625
5 0.50234375 0.80390625 0.034375 0.046875
1 0.32734375 0.57578125 0.0734375 0.090625
1 0.634375 0.884375 0.1265625 0.15390625
0 0.134375 0.75234375 0.06328125 0.1765625
0 0.15625 0.9375 0.0484375 0.125