4 0.53203125 0.52421875 0.20625 0.1
0 0.11875 0.3890625 0.2375 0.178125
4 0.746875 0.33984375 0.1421875 0.06875
0 0.33828125 0.64375 0.11875 0.078125
0 0.54140625 0.17890625 0.234375 0.090625
0 0.46640625 0.7015625 0.209375 0.075
0 0.35078125 0.31015625 0.31875 0.1109375
0 0.56484375 0.60859375 0.18125 0.071875
0 0.12421875 0.7484375 0.2484375 0.175
4 0.7203125 0.13203125 0.3390625 0.0828125
4 0.71875 0.1984375 0.309375 0.078125
0 0.35703125 0.1328125 0.24375 0.1390625
0 0.2203125 0.16171875 0.315625 0.128125
4 0.91484375 0.215625 0.109375 0.05
4 0.790625 0.2125 0.1765625 0.071875
4 0.7703125 0.13515625 0.234375 0.075
4 0.8046875 0.0390625 0.2375 0.0734375
0 0.78046875 0.29765625 0.078125 0.0375
0 0.5796875 0.08203125 0.23125 0.103125
4 0.828125 0.10078125 0.2515625 0.05625
4 0.8953125 0.146875 0.1453125 0.0484375
0 0.70390625 0.12578125 0.2125 0.0578125
0 0.7109375 0.1875 0.18125 0.0578125
4 0.87265625 0.1765625 0.1140625 0.0375
2 0.6984375 0.0078125 0.103125 0.015625
2 0.615625 0.0109375 0.09375 0.021875
2 0.44140625 0.0203125 0.1375 0.040625
2 0.253125 0.06484375 0.1875 0.109375
5 0.13359375 0.090625 0.0453125 0.05
5 0.56484375 0.0140625 0.034375 0.028125
5 0.81171875 0.0609375 0.0296875 0.028125
5 0.32734375 0.44765625 0.0328125 0.0375
1 0.66640625 0.271875 0.08125 0.0453125
0 0.640625 0.665625 0.06875 0.0359375
0 0.6078125 0.7 0.065625 0.040625
0 0.5640625 0.753125 0.0875 0.053125
2 0.26328125 0.53828125 0.1890625 0.115625