4 0.72890625 0.77734375 0.1015625 0.040625
4 0.6953125 0.8625 0.109375 0.05
4 0.74140625 0.678125 0.128125 0.0625
4 0.171875 0.67421875 0.25 0.2125
4 0.81171875 0.73828125 0.084375 0.034375
4 0.74765625 0.51796875 0.225 0.08125
4 0.73203125 0.903125 0.1 0.040625
4 0.65078125 0.4421875 0.421875 0.103125
0 0.1515625 0.16796875 0.3 0.1359375
0 0.44375 0.378125 0.178125 0.071875
0 0.228125 0.70234375 0.2375 0.1390625
0 0.32890625 0.80234375 0.303125 0.096875
0 0.53671875 0.525 0.159375 0.1140625
0 0.41484375 0.65859375 0.2890625 0.1375
4 0.53203125 0.6671875 0.228125 0.1046875
4 0.359375 0.48515625 0.253125 0.1703125
1 0.3953125 0.340625 0.075 0.06875
1 0.09921875 0.65703125 0.153125 0.13125
0 0.02890625 0.134375 0.05625 0.0625
0 0.70859375 0.64765625 0.078125 0.05625
5 0.2171875 0.26640625 0.075 0.034375
5 0.17265625 0.51796875 0.046875 0.034375
5 0.5375 0.7140625 0.0515625 0.0234375
4 0.1359375 0.2125 0.271875 0.11875
2 0.16796875 0.315625 0.265625 0.125
2 0.2859375 0.44453125 0.14375 0.115625
2 0.3921875 0.30234375 0.13125 0.09375
2 0.05859375 0.6375 0.1171875 0.1125
2 0.74296875 0.4921875 0.096875 0.065625
2 0.59140625 0.69140625 0.0859375 0.046875
2 0.62265625 0.5703125 0.059375 0.053125
2 0.76328125 0.715625 0.0671875 0.0375
2 0.734375 0.8 0.0671875 0.0265625