4 0.2828125 0.68046875 0.140625 0.065625
4 0.4546875 0.53359375 0.203125 0.090625
4 0.596875 0.69453125 0.3296875 0.125
0 0.52265625 0.353125 0.1984375 0.0671875
4 0.7875 0.578125 0.375 0.1609375
4 0.61015625 0.9359375 0.3125 0.128125
0 0.446875 0.815625 0.221875 0.0765625
0 0.45703125 0.41171875 0.18125 0.065625
0 0.8921875 0.82265625 0.215625 0.1296875
4 0.6 0.43359375 0.2 0.0953125
0 0.83671875 0.24453125 0.3125 0.146875
4 0.35625 0.796875 0.225 0.0890625
0 0.71328125 0.7234375 0.3171875 0.109375
0 0.86640625 0.62890625 0.2671875 0.153125
0 0.32109375 0.85625 0.2015625 0.0546875
0 0.24140625 0.73125 0.0828125 0.0359375
0 0.40078125 0.959375 0.165625 0.0578125
0 0.365625 0.63359375 0.09375 0.04375
0 0.46171875 0.29140625 0.0890625 0.040625
0 0.3734375 0.371875 0.0625 0.034375
0 0.4078125 0.33984375 0.06875 0.0390625
2 0.325 0.76484375 0.1 0.053125
2 0.56328125 0.64140625 0.14375 0.0875
2 0.73828125 0.50390625 0.184375 0.10625
2 0.5875 0.9921875 0.1734375 0.015625
5 0.634375 0.97109375 0.0515625 0.0375
5 0.31640625 0.784375 0.03125 0.028125
1 0.41484375 0.7109375 0.075 0.046875