4 0.75390625 0.2640625 0.0390625 0.0984375
4 0.83671875 0.296875 0.0484375 0.10625
4 0.6578125 0.25234375 0.0609375 0.125
4 0.6546875 0.8046875 0.20703125 0.24296875
4 0.428125 0.3640625 0.0921875 0.45234375
4 0.8765625 0.2609375 0.0390625 0.096875
4 0.31171875 0.371875 0.09921875 0.409375
0 0.1390625 0.76796875 0.0828125 0.17890625
0 0.3671875 0.540625 0.0703125 0.1734375
0 0.68125 0.75 0.134375 0.23125
0 0.778125 0.6515625 0.0953125 0.29375
0 0.509375 0.45 0.1109375 0.1546875
0 0.6390625 0.56875 0.134375 0.2796875
4 0.646875 0.4546875 0.1015625 0.2203125
4 0.4703125 0.62265625 0.165625 0.2453125
2 0.30703125 0.8015625 0.1125 0.228125
2 0.5 0.946875 0.12890625 0.10546875
2 0.4296875 0.6859375 0.11875 0.13359375
2 0.2953125 0.5984375 0.0859375 0.1140625
2 0.665625 0.3984375 0.04921875 0.0890625
2 0.5546875 0.36640625 0.053125 0.05859375
2 0.6953125 0.2328125 0.0375 0.065625
2 0.771875 0.2515625 0.02734375 0.046875
2 0.86640625 0.3 0.01875 0.046875
1 0.6390625 0.88125 0.12578125 0.13203125
1 0.33046875 0.578125 0.0671875 0.08046875
2 0.6265625 0.9140625 0.10390625 0.103125
5 0.5015625 0.79765625 0.03828125 0.0484375
5 0.259375 0.7578125 0.03828125 0.05703125
5 0.69453125 0.45078125 0.0203125 0.040625
2 0.4703125 0.2296875 0.0625 0.0984375
4 0.215625 0.8453125 0.125 0.309375
0 0.13515625 0.97109375 0.0578125 0.0578125