4 0.6953125 0.36171875 0.14375 0.071875
4 0.48203125 0.55234375 0.2203125 0.096875
0 0.09609375 0.78046875 0.190625 0.1890625
0 0.28203125 0.66875 0.125 0.08125
4 0.68125 0.1484375 0.3421875 0.08125
0 0.51328125 0.63671875 0.1890625 0.071875
4 0.709375 0.240625 0.2578125 0.0703125
0 0.296875 0.33125 0.3265625 0.121875
0 0.1640625 0.178125 0.328125 0.1234375
0 0.41484375 0.7296875 0.21875 0.075
4 0.784375 0.09375 0.2796875 0.05625
0 0.09609375 0.4171875 0.1921875 0.1875
0 0.49921875 0.1046875 0.275 0.10625
0 0.7375 0.315625 0.0828125 0.034375
4 0.8515625 0.171875 0.140625 0.05625
0 0.4890625 0.19453125 0.2515625 0.103125
4 0.84609375 0.23515625 0.15625 0.0515625
0 0.31796875 0.15625 0.228125 0.14375
4 0.75625 0.04296875 0.25 0.06875
4 0.81640625 0.203125 0.1375 0.053125
0 0.59765625 0.6953125 0.065625 0.034375
0 0.55703125 0.73203125 0.071875 0.040625
0 0.5078125 0.7875 0.096875 0.0484375
1 0.62109375 0.2875 0.06875 0.053125
2 0.20703125 0.565625 0.2 0.121875
2 0.57109375 0.01875 0.0984375 0.0375
2 0.64375 0.01484375 0.090625 0.0296875
2 0.39296875 0.0265625 0.1421875 0.053125
2 0.18125 0.08125 0.1703125 0.10625
5 0.065625 0.09921875 0.053125 0.059375
5 0.5171875 0.02578125 0.03125 0.0375
5 0.66953125 0.01484375 0.0234375 0.01875
5 0.27421875 0.46953125 0.0453125 0.04375
5 0.75078125 0.06328125 0.028125 0.021875