4 0.503125 0.45078125 0.10625 0.215625
4 0.27265625 0.140625 0.0578125 0.1875
0 0.73359375 0.8734375 0.184375 0.253125
4 0.0921875 0.22421875 0.08125 0.3703125
4 0.2109375 0.26640625 0.0828125 0.26875
0 0.290625 0.640625 0.1203125 0.321875
0 0.6234375 0.65703125 0.08125 0.121875
0 0.140625 0.775 0.121875 0.325
0 0.5921875 0.42734375 0.0703125 0.184375
0 0.37421875 0.87265625 0.1828125 0.2546875
0 0.684375 0.5265625 0.0734375 0.2140625
4 0.2109375 0.0796875 0.053125 0.125
0 0.15859375 0.4515625 0.115625 0.253125
0 0.06640625 0.45390625 0.1 0.271875
0 0.31875 0.26796875 0.0421875 0.0828125
0 0.11640625 0.6234375 0.1421875 0.225
4 0.1390625 0.19765625 0.059375 0.284375
4 0.16328125 0.078125 0.04375 0.10625
0 0.64765625 0.34765625 0.0359375 0.071875
0 0.68359375 0.38515625 0.040625 0.075
0 0.73828125 0.43125 0.0515625 0.09375
5 0.42734375 0.66796875 0.0375 0.03125
5 0.065625 0.871875 0.05 0.05
2 0.0109375 0.55078125 0.021875 0.1484375
2 0.0484375 0.74921875 0.096875 0.18125
2 0.52109375 0.7265625 0.1140625 0.1875
1 0.25390625 0.325 0.034375 0.075