4 0.53515625 0.5046875 0.103125 0.2078125
4 0.3109375 0.20390625 0.053125 0.1828125
0 0.7578125 0.8953125 0.178125 0.209375
0 0.3296875 0.6875 0.115625 0.309375
4 0.1375 0.28046875 0.0765625 0.35
0 0.6515625 0.703125 0.078125 0.1171875
0 0.621875 0.4828125 0.06875 0.178125
0 0.4109375 0.8953125 0.178125 0.209375
0 0.184375 0.81640625 0.11875 0.315625
4 0.2515625 0.15703125 0.053125 0.1390625
4 0.2515625 0.32265625 0.075 0.246875
0 0.7109375 0.578125 0.071875 0.20625
0 0.1140625 0.51015625 0.096875 0.25625
0 0.20078125 0.50703125 0.109375 0.24375
0 0.35703125 0.328125 0.040625 0.0796875
0 0.1625 0.6703125 0.1375 0.215625
4 0.19765625 0.14765625 0.046875 0.115625
4 0.196875 0.2703125 0.075 0.265625
0 0.321875 0.27890625 0.0375 0.075
0 0.67421875 0.40234375 0.0375 0.05
0 0.71171875 0.44375 0.040625 0.071875
0 0.7625 0.490625 0.05 0.09375
1 0.29296875 0.384375 0.0375 0.0640625
5 0.4640625 0.71015625 0.034375 0.040625
5 0.109375 0.9109375 0.0609375 0.0515625
5 0.0375 0.4828125 0.03125 0.028125
5 0.028125 0.3375 0.028125 0.028125
2 0.02109375 0.359375 0.0421875 0.103125
2 0.025 0.43515625 0.05 0.0875
2 0.03203125 0.61640625 0.0640625 0.109375
2 0.09140625 0.8078125 0.1 0.1734375
2 0.5515625 0.775 0.11875 0.18125