4 0.3484375 0.2984375 0.0671875 0.134375
0 0.728125 0.878125 0.175 0.24375
4 0.521875 0.48984375 0.08984375 0.1984375
0 0.62734375 0.675 0.07421875 0.11328125
0 0.3203125 0.66171875 0.11015625 0.2953125
4 0.17109375 0.1453125 0.04296875 0.1109375
0 0.5984375 0.46484375 0.06640625 0.1703125
0 0.68203125 0.5546875 0.06953125 0.1984375
0 0.18046875 0.7828125 0.11171875 0.3046875
4 0.23359375 0.28671875 0.06640625 0.23125
4 0.15078125 0.30703125 0.06875 0.31171875
0 0.396875 0.87890625 0.16796875 0.24140625
0 0.11171875 0.47578125 0.09609375 0.25390625
0 0.19296875 0.48125 0.09296875 0.21796875
4 0.1 0.21875 0.053125 0.25
0 0.30546875 0.2609375 0.03203125 0.075
0 0.16015625 0.64296875 0.13125 0.20859375
4 0.05546875 0.2390625 0.05859375 0.21953125
4 0.18984375 0.20390625 0.05 0.13125
4 0.225 0.16953125 0.0421875 0.11171875
4 0.18984375 0.27578125 0.05390625 0.2796875
2 0.52578125 0.74609375 0.11875 0.171875
2 0.02734375 0.41484375 0.0546875 0.10703125
2 0.021875 0.3453125 0.04296875 0.0875
2 0.03515625 0.571875 0.06875 0.1390625
2 0.09296875 0.76171875 0.1 0.16171875
5 0.04375 0.46328125 0.0296875 0.03203125
5 0.1109375 0.87109375 0.05234375 0.0625
5 0.0734375 0.23984375 0.01640625 0.04609375
5 0.44453125 0.6859375 0.0421875 0.03828125
1 0.28203125 0.36875 0.04453125 0.059375
0 0.65 0.39140625 0.0359375 0.04765625
0 0.68125 0.42109375 0.040625 0.0625
0 0.73671875 0.465625 0.0453125 0.07421875