4 0.7734375 0.265625 0.040625 0.1015625
4 0.85859375 0.29921875 0.05 0.109375
4 0.675 0.25390625 0.0625 0.128125
4 0.67109375 0.8203125 0.2125 0.25
4 0.734375 0.18359375 0.034375 0.084375
4 0.4734375 0.365625 0.0953125 0.4640625
4 0.89921875 0.2625 0.040625 0.1
4 0.37578125 0.33359375 0.1015625 0.4203125
0 0.14296875 0.7703125 0.0859375 0.159375
0 0.3765625 0.54921875 0.071875 0.178125
0 0.69921875 0.76484375 0.1375 0.2375
0 0.7984375 0.6640625 0.096875 0.3015625
0 0.52265625 0.45703125 0.1125 0.159375
0 0.65546875 0.578125 0.1375 0.2875
4 0.6640625 0.46171875 0.103125 0.225
4 0.4828125 0.63359375 0.16875 0.2515625
5 0.5140625 0.81484375 0.034375 0.0484375
5 0.2640625 0.7734375 0.034375 0.065625
5 0.71328125 0.4640625 0.015625 0.04375
2 0.303125 0.6203125 0.0953125 0.11875
2 0.44453125 0.7109375 0.128125 0.14375
2 0.640625 0.94375 0.1125 0.1125
2 0.3140625 0.81640625 0.1203125 0.2328125
2 0.56875 0.371875 0.053125 0.046875
2 0.68359375 0.396875 0.0421875 0.0828125
2 0.71015625 0.22578125 0.0375 0.053125
2 0.796875 0.2578125 0.0296875 0.053125
0 0.13828125 0.9765625 0.0546875 0.046875
4 0.21953125 0.859375 0.115625 0.28125
1 0.33359375 0.58046875 0.075 0.096875
1 0.65078125 0.8984375 0.1375 0.140625