4 0.490625 0.4625 0.203125 0.1
4 0.17265625 0.5421875 0.34375 0.153125
4 0.68828125 0.63671875 0.1390625 0.0671875
4 0.37421875 0.38203125 0.1984375 0.09375
0 0.41015625 0.2828125 0.2078125 0.0765625
4 0.203125 0.85390625 0.384375 0.1703125
4 0.6109375 0.91328125 0.25 0.0796875
0 0.52109375 0.76328125 0.26875 0.0734375
0 0.28046875 0.690625 0.3234375 0.1375
0 0.09765625 0.22734375 0.1953125 0.1796875
0 0.7359375 0.6921875 0.078125 0.034375
0 0.11328125 0.59140625 0.2265625 0.165625
0 0.5125 0.37421875 0.203125 0.0703125
1 0.609375 0.71796875 0.071875 0.0515625
2 0.625 0.98203125 0.059375 0.0359375
2 0.57109375 0.9703125 0.0890625 0.0546875
2 0.37734375 0.96875 0.134375 0.0625
2 0.17890625 0.91796875 0.2015625 0.11875
2 0.21953125 0.46015625 0.1734375 0.090625
0 0.5890625 0.3203125 0.0703125 0.034375
0 0.55 0.28046875 0.06875 0.040625
0 0.509375 0.23203125 0.0890625 0.0515625
5 0.05078125 0.8890625 0.053125 0.053125
5 0.29296875 0.94765625 0.0375 0.040625
5 0.5125 0.98515625 0.0328125 0.0296875