4 0.553125 0.5046875 0.2046875 0.1
4 0.21640625 0.42421875 0.378125 0.1546875
4 0.753125 0.328125 0.140625 0.06875
4 0.43515625 0.5859375 0.2 0.09375
0 0.471875 0.68671875 0.209375 0.078125
4 0.2625 0.109375 0.3890625 0.171875
4 0.675 0.0484375 0.253125 0.08125
0 0.584375 0.20078125 0.271875 0.075
0 0.340625 0.27421875 0.328125 0.1390625
0 0.12734375 0.7421875 0.2546875 0.18125
0 0.8015625 0.27265625 0.078125 0.034375
0 0.14296875 0.37421875 0.2859375 0.1671875
0 0.57578125 0.59375 0.2046875 0.071875
1 0.6734375 0.24609375 0.071875 0.053125
2 0.6359375 0.009375 0.090625 0.01875
2 0.43828125 0.0125 0.134375 0.025
2 0.23828125 0.05234375 0.2046875 0.103125
2 0.2796875 0.50703125 0.175 0.0921875
0 0.653125 0.6484375 0.071875 0.034375
0 0.6140625 0.6890625 0.0703125 0.040625
0 0.57265625 0.73828125 0.090625 0.053125
5 0.1078125 0.0734375 0.053125 0.053125
5 0.35390625 0.0171875 0.0375 0.034375