4 0.37421875 0.91484375 0.3078125 0.146875
0 0.5546875 0.784375 0.2625 0.0703125
4 0.6171875 0.75 0.2484375 0.090625
4 0.7046875 0.6390625 0.1328125 0.0640625
4 0.38828125 0.65 0.3234375 0.125
4 0.52265625 0.48125 0.184375 0.1015625
4 0.37734375 0.3875 0.196875 0.096875
4 0.19765625 0.5359375 0.365625 0.153125
0 0.09296875 0.7875 0.1859375 0.128125
0 0.59609375 0.9203125 0.15 0.0703125
0 0.66328125 0.82109375 0.209375 0.053125
0 0.25859375 0.68515625 0.321875 0.103125
0 0.10546875 0.59921875 0.2109375 0.1203125
0 0.6234375 0.59140625 0.09375 0.05
0 0.75 0.6875 0.0796875 0.034375
0 0.53203125 0.3703125 0.15625 0.0578125
0 0.46796875 0.3109375 0.196875 0.0625
0 0.14609375 0.19765625 0.2921875 0.146875
2 0.41953125 0.59921875 0.1625 0.0890625
2 0.2359375 0.4578125 0.178125 0.10625
2 0.66015625 0.72734375 0.125 0.065625
2 0.38359375 0.9734375 0.2 0.053125
5 0.3453125 0.93125 0.0375 0.0421875
5 0.671875 0.7453125 0.034375 0.025
5 0.3125 0.55859375 0.0484375 0.0328125
1 0.5640625 0.671875 0.090625 0.0515625
0 0.61015625 0.3296875 0.05625 0.04375
0 0.58359375 0.2953125 0.059375 0.04375
0 0.52578125 0.2453125 0.071875 0.04375