4 0.77734375 0.88046875 0.11875 0.2390625
4 0.31796875 0.421875 0.084375 0.26875
4 0.296875 0.23125 0.0734375 0.15
4 0.0859375 0.2796875 0.05625 0.175
4 0.05625 0.2078125 0.0390625 0.096875
4 0.2203125 0.70703125 0.1640625 0.365625
4 0.48046875 0.58359375 0.13125 0.28125
4 0.1828125 0.23359375 0.0421875 0.15625
4 0.040625 0.41015625 0.0671875 0.4015625
4 0.21796875 0.25703125 0.06875 0.125
4 0.225 0.140625 0.04375 0.1
2 0.69375 0.58984375 0.1203125 0.14375
2 0.6765625 0.8046875 0.140625 0.2796875
2 0.54296875 0.67734375 0.13125 0.15625
2 0.3296875 0.934375 0.125 0.10625
2 0.29453125 0.3421875 0.065625 0.0890625
2 0.4265625 0.32109375 0.075 0.125
2 0.2546875 0.175 0.0515625 0.05625
2 0.1640625 0.20078125 0.0421875 0.046875
1 0.6515625 0.5625 0.0796875 0.0921875
1 0.3171875 0.890625 0.15 0.159375
5 0.72890625 0.753125 0.040625 0.078125
5 0.45859375 0.80703125 0.028125 0.05625
0 0.8703125 0.74140625 0.084375 0.1765625
0 0.8484375 0.94296875 0.05625 0.1125