4 0.51953125 0.49453125 0.09140625 0.19140625
4 0.35078125 0.296875 0.06484375 0.13125
0 0.196875 0.48671875 0.08203125 0.2203125
0 0.39375 0.884375 0.16640625 0.2265625
4 0.1609375 0.3140625 0.07109375 0.33984375
0 0.68359375 0.5515625 0.0703125 0.19296875
0 0.63125 0.67578125 0.07265625 0.1109375
0 0.31796875 0.66328125 0.10390625 0.3
0 0.5984375 0.465625 0.065625 0.171875
0 0.1078125 0.4484375 0.103125 0.2234375
0 0.72890625 0.8796875 0.16484375 0.23828125
4 0.23828125 0.33125 0.06171875 0.3140625
4 0.0578125 0.24453125 0.05546875 0.22109375
0 0.15234375 0.66171875 0.12890625 0.23359375
4 0.109375 0.2234375 0.05078125 0.26015625
4 0.16484375 0.24140625 0.06484375 0.17578125
4 0.234375 0.15703125 0.0453125 0.1234375
4 0.17578125 0.15078125 0.05 0.1109375
0 0.30859375 0.26328125 0.03359375 0.07421875
0 0.184375 0.78515625 0.11328125 0.29453125
4 0.23984375 0.26328125 0.06015625 0.1765625
0 0.084375 0.39375 0.065625 0.12578125
0 0.2359375 0.3171875 0.05078125 0.18359375
2 0.53359375 0.746875 0.09921875 0.1734375
2 0.09296875 0.7609375 0.09609375 0.15703125
2 0.034375 0.57578125 0.06796875 0.13203125
2 0.02578125 0.41171875 0.0515625 0.0859375
2 0.0234375 0.33515625 0.040625 0.09921875
5 0.0421875 0.46171875 0.025 0.0265625
5 0.11171875 0.8734375 0.0484375 0.04921875
5 0.44765625 0.68125 0.03359375 0.03671875
1 0.28203125 0.36875 0.04453125 0.059375
5 0.071875 0.24765625 0.01953125 0.03203125
0 0.73515625 0.46328125 0.0421875 0.0859375
0 0.64921875 0.3890625 0.0328125 0.053125
0 0.68203125 0.42421875 0.03828125 0.0625