4 0.346875 0.29375 0.06484375 0.1359375
4 0.5125 0.48125 0.09140625 0.19453125
0 0.72734375 0.878125 0.1703125 0.24375
4 0.15390625 0.753125 0.14921875 0.33984375
0 0.684375 0.55546875 0.07265625 0.19921875
4 0.44609375 0.7875 0.16796875 0.36015625
4 0.09375 0.56640625 0.14296875 0.27421875
0 0.296875 0.67578125 0.13203125 0.3015625
4 0.59375 0.5859375 0.08359375 0.17890625
4 0.0890625 0.396875 0.07578125 0.2359375
0 0.23359375 0.44609375 0.078125 0.2546875
0 0.39375 0.8671875 0.15390625 0.265625
0 0.6015625 0.4609375 0.06875 0.17890625
0 0.29921875 0.25234375 0.03359375 0.0765625
1 0.2734375 0.37109375 0.0515625 0.07578125
2 0.0203125 0.3546875 0.03984375 0.0609375
2 0.03671875 0.41171875 0.05625 0.0609375
2 0.0375 0.5859375 0.075 0.1265625
2 0.08671875 0.778125 0.0953125 0.16953125
2 0.51484375 0.73515625 0.10078125 0.14921875
5 0.11171875 0.896875 0.05390625 0.0421875
5 0.059375 0.66953125 0.0421875 0.03203125
5 0.01015625 0.32578125 0.0140625 0.0234375
0 0.64453125 0.384375 0.040625 0.078125
0 0.68515625 0.42734375 0.0453125 0.05546875
0 0.734375 0.4625 0.053125 0.08046875