4 0.32578125 0.2609375 0.071875 0.14375
0 0.734375 0.8765625 0.1875 0.246875
4 0.5125 0.46640625 0.096875 0.2125
0 0.625 0.66484375 0.0796875 0.121875
0 0.29609375 0.65078125 0.11875 0.3171875
4 0.1359375 0.09609375 0.046875 0.11875
0 0.59375 0.4390625 0.071875 0.1828125
0 0.68359375 0.5359375 0.075 0.2125
0 0.14609375 0.78046875 0.11875 0.328125
4 0.203125 0.2484375 0.071875 0.2484375
4 0.1140625 0.26953125 0.0734375 0.334375
0 0.378125 0.87734375 0.18125 0.2453125
0 0.07265625 0.4515625 0.103125 0.271875
0 0.16015625 0.45703125 0.1 0.234375
4 0.06015625 0.175 0.05625 0.26875
0 0.28046875 0.2203125 0.034375 0.08125
0 0.12421875 0.63046875 0.140625 0.2234375
4 0.021875 0.19765625 0.04375 0.2359375
4 0.15625 0.159375 0.053125 0.140625
4 0.19375 0.12265625 0.0453125 0.1203125
4 0.15625 0.23671875 0.0578125 0.3
2 0.51640625 0.74140625 0.128125 0.184375
2 0.01328125 0.55390625 0.0265625 0.15
2 0.053125 0.7578125 0.10625 0.175
5 0.0078125 0.43671875 0.015625 0.034375
5 0.07109375 0.87578125 0.05625 0.065625
5 0.03125 0.1984375 0.0171875 0.05
5 0.4296875 0.6765625 0.0453125 0.040625
1 0.2546875 0.3359375 0.046875 0.0640625
0 0.65 0.3609375 0.0375 0.05
0 0.6828125 0.39296875 0.04375 0.065625
0 0.74296875 0.43984375 0.0484375 0.0796875