4 0.70859375 0.18671875 0.109375 0.04375
4 0.671875 0.09453125 0.11875 0.053125
4 0.72109375 0.29375 0.1390625 0.06875
4 0.121875 0.29765625 0.24375 0.2296875
4 0.796875 0.22890625 0.090625 0.0375
4 0.71171875 0.0515625 0.10625 0.04375
4 0.65078125 0.2328125 0.159375 0.08125
0 0.1890625 0.884375 0.1171875 0.0640625
0 0.40078125 0.61640625 0.19375 0.078125
0 0.16796875 0.2671875 0.25625 0.15
0 0.27734375 0.16015625 0.3265625 0.10625
4 0.5875 0.5015625 0.2109375 0.13125
0 0.3703125 0.31484375 0.3109375 0.15
4 0.49609375 0.30546875 0.24375 0.1125
4 0.31015625 0.5015625 0.271875 0.184375
2 0.590625 0.4234375 0.134375 0.0578125
2 0.5546875 0.2828125 0.1125 0.046875
2 0.75546875 0.25546875 0.071875 0.0421875
2 0.7203125 0.16875 0.06875 0.03125
2 0.01640625 0.33671875 0.03125 0.1265625
2 0.2296875 0.5453125 0.1296875 0.128125
2 0.3296875 0.70234375 0.115625 0.103125
2 0.121875 0.69296875 0.24375 0.15
5 0.16015625 0.7359375 0.065625 0.0390625
5 0.10546875 0.46484375 0.05625 0.0453125
5 0.49765625 0.25625 0.04375 0.025
4 0.09140625 0.81484375 0.18125 0.1328125
1 0.05 0.31953125 0.1 0.146875
1 0.3578125 0.66171875 0.0953125 0.084375