4 0.6484375 0.28046875 0.0703125 0.146875
4 0.47109375 0.4859375 0.0953125 0.2046875
0 0.2546875 0.87890625 0.178125 0.2421875
0 0.3890625 0.4546875 0.06875 0.178125
0 0.35859375 0.6734375 0.075 0.115625
0 0.596875 0.88046875 0.175 0.2375
0 0.30078125 0.5484375 0.071875 0.20625
0 0.678125 0.659375 0.1125 0.30625
4 0.88359375 0.20859375 0.0625 0.2578125
0 0.821875 0.78828125 0.115625 0.3234375
4 0.821875 0.140625 0.05 0.1421875
4 0.78828125 0.246875 0.065625 0.2515625
0 0.890625 0.48203125 0.096875 0.2390625
0 0.6921875 0.24296875 0.034375 0.078125
4 0.95 0.21484375 0.0671875 0.2203125
0 0.8046875 0.48046875 0.1 0.240625
0 0.921875 0.3890625 0.075 0.153125
0 0.8453125 0.640625 0.1328125 0.2140625
4 0.76640625 0.121875 0.046875 0.125
4 0.8515625 0.27734375 0.071875 0.315625
5 0.54609375 0.678125 0.046875 0.04375
5 0.89140625 0.87109375 0.0453125 0.0703125
5 0.96484375 0.45234375 0.028125 0.025
5 0.9203125 0.215625 0.028125 0.025
2 0.4578125 0.7546875 0.109375 0.190625
2 0.91640625 0.75703125 0.1125 0.1796875
2 0.96953125 0.56953125 0.0609375 0.1515625
2 0.978125 0.40390625 0.04375 0.0921875
2 0.98203125 0.3296875 0.0359375 0.0953125
1 0.71796875 0.35703125 0.0515625 0.0625
0 0.334375 0.38203125 0.034375 0.0671875
0 0.30390625 0.41171875 0.0375 0.065625
0 0.24765625 0.45 0.04375 0.084375