4 0.34765625 0.29296875 0.06328125 0.134375
4 0.48671875 0.45625 0.08671875 0.19375
4 0.334375 0.590625 0.11953125 0.31328125
0 0.65859375 0.52109375 0.06328125 0.18828125
4 0.4453125 0.77109375 0.15234375 0.35546875
4 0.10234375 0.603125 0.12578125 0.296875
0 0.21953125 0.44921875 0.07265625 0.2109375
0 0.60234375 0.45859375 0.0625 0.171875
0 0.21328125 0.884375 0.12265625 0.23046875
4 0.58125 0.59375 0.08984375 0.1890625
0 0.7609375 0.81796875 0.1390625 0.296875
4 0.23671875 0.3625 0.08359375 0.2140625
0 0.30703125 0.7015625 0.10234375 0.30078125
0 0.396875 0.859375 0.14453125 0.28046875
0 0.18046875 0.3296875 0.05234375 0.190625
0 0.29921875 0.25390625 0.03359375 0.07890625
0 0.08359375 0.40546875 0.0546875 0.15625
0 0.3921875 0.371875 0.04140625 0.08828125
0 0.71640625 0.4625 0.03984375 0.084375
0 0.640625 0.37890625 0.03203125 0.059375
0 0.6703125 0.41171875 0.0375 0.06640625
2 0.2671875 0.33359375 0.0515625 0.0953125
2 0.384375 0.55859375 0.08203125 0.1359375
2 0.515625 0.725 0.10078125 0.17421875
2 0.0296875 0.58203125 0.059375 0.16484375
5 0.071875 0.6265625 0.0359375 0.04921875
5 0.24921875 0.325 0.02578125 0.03046875
1 0.31875 0.41796875 0.04453125 0.07109375