4 0.553125 0.4265625 0.2125 0.1
4 0.77109375 0.6125 0.14375 0.071875
0 0.12421875 0.565625 0.246875 0.1828125
0 0.48984375 0.2453125 0.2125 0.078125
0 0.353125 0.303125 0.121875 0.08125
4 0.7328125 0.74453125 0.3453125 0.0765625
0 0.5859375 0.33984375 0.190625 0.071875
0 0.5625 0.7828125 0.24375 0.09375
0 0.365625 0.64765625 0.3296875 0.1140625
0 0.1296875 0.1953125 0.259375 0.18125
4 0.93046875 0.74765625 0.1375 0.0515625
4 0.85625 0.81328125 0.2875 0.0671875
4 0.8234375 0.93359375 0.240625 0.0671875
0 0.6015625 0.88125 0.25 0.1140625
0 0.36953125 0.83125 0.25625 0.14375
0 0.809375 0.66015625 0.08125 0.0375
4 0.78828125 0.8078125 0.390625 0.0796875
4 0.9484375 0.79609375 0.0953125 0.0375
0 0.23125 0.796875 0.325 0.125
4 0.80859375 0.8015625 0.3125 0.0734375
4 0.83046875 0.89765625 0.25625 0.053125
4 0.82890625 0.9125 0.24375 0.071875
4 0.8546875 0.8859375 0.290625 0.04375
4 0.85 0.7953125 0.221875 0.065625
0 0.759375 0.79921875 0.2125 0.0515625
4 0.8671875 0.7875 0.190625 0.0703125
0 0.6640625 0.90859375 0.140625 0.071875
1 0.69765625 0.6921875 0.078125 0.0515625
2 0.271875 0.4125 0.2046875 0.121875
2 0.2640625 0.89765625 0.1796875 0.1078125
2 0.46796875 0.9625 0.15625 0.0734375
2 0.6421875 0.971875 0.1171875 0.0546875
2 0.7234375 0.978125 0.10625 0.04375
5 0.346875 0.50859375 0.046875 0.040625
5 0.1359375 0.87734375 0.05625 0.05
5 0.59375 0.95546875 0.034375 0.0390625
0 0.59140625 0.190625 0.0953125 0.04375
0 0.66953125 0.28359375 0.071875 0.040625
0 0.6359375 0.24765625 0.075 0.04375