4 0.34765625 0.296875 0.06796875 0.140625
4 0.51875 0.49453125 0.0921875 0.196875
0 0.72734375 0.878125 0.1734375 0.24375
0 0.5984375 0.46484375 0.06640625 0.171875
0 0.62734375 0.67578125 0.07265625 0.11171875
0 0.39765625 0.8796875 0.1703125 0.240625
0 0.6828125 0.5546875 0.06953125 0.1984375
0 0.31953125 0.66171875 0.10859375 0.2953125
4 0.121875 0.228125 0.06015625 0.2484375
0 0.18046875 0.7859375 0.11171875 0.3109375
4 0.18046875 0.16171875 0.04921875 0.13671875
4 0.21328125 0.26484375 0.06328125 0.24296875
0 0.11484375 0.49140625 0.09296875 0.23046875
0 0.30546875 0.2609375 0.03203125 0.075
4 0.0578125 0.23359375 0.06484375 0.21171875
0 0.19765625 0.48984375 0.09765625 0.23125
0 0.084375 0.4015625 0.07109375 0.1484375
0 0.15859375 0.64375 0.128125 0.20625
4 0.234375 0.14375 0.0453125 0.11953125
4 0.15234375 0.29375 0.0703125 0.3046875
5 0.44609375 0.6796875 0.04609375 0.0421875
5 0.1140625 0.865625 0.04375 0.0671875
5 0.04296875 0.4625 0.0265625 0.025
5 0.0859375 0.234375 0.02578125 0.0234375
2 0.53203125 0.753125 0.10546875 0.18359375
2 0.08984375 0.75625 0.1078125 0.1734375
2 0.034375 0.57578125 0.06875 0.1453125
2 0.02578125 0.415625 0.0515625 0.08828125
2 0.021875 0.34375 0.04375 0.09140625
1 0.28125 0.3703125 0.05 0.0609375
0 0.65078125 0.39453125 0.0328125 0.06484375
0 0.68046875 0.4234375 0.03671875 0.06328125
0 0.734375 0.46015625 0.04296875 0.08203125