4 0.325 0.315625 0.071875 0.1375
4 0.51171875 0.52265625 0.0953125 0.215625
0 0.73359375 0.903125 0.184375 0.19375
0 0.625 0.71796875 0.078125 0.121875
0 0.59375 0.4921875 0.071875 0.184375
4 0.20234375 0.29765625 0.0703125 0.240625
0 0.2953125 0.703125 0.11875 0.31875
0 0.14609375 0.83671875 0.1203125 0.325
0 0.684375 0.58828125 0.075 0.2125
0 0.37890625 0.90234375 0.1828125 0.19375
4 0.084375 0.24375 0.0625 0.271875
4 0.14140625 0.165625 0.053125 0.1421875
0 0.07578125 0.5203125 0.1015625 0.24375
4 0.2 0.14921875 0.05 0.1203125
4 0.1171875 0.3234375 0.0734375 0.3125
0 0.16015625 0.515625 0.1 0.2375
4 0.02265625 0.25390625 0.04375 0.240625
0 0.2796875 0.27265625 0.034375 0.078125
0 0.04375 0.42421875 0.078125 0.1625
0 0.12421875 0.68359375 0.140625 0.225
5 0.4328125 0.7296875 0.0359375 0.040625
5 0.071875 0.928125 0.05 0.05
5 0.00625 0.4953125 0.0125 0.0296875
5 0.03125 0.2625 0.021875 0.0375
2 0.0140625 0.6125 0.028125 0.14375
2 0.05078125 0.8125 0.1015625 0.178125
2 0.52421875 0.7984375 0.115625 0.175
1 0.25234375 0.384375 0.046875 0.0609375
0 0.646875 0.4171875 0.04375 0.0609375
0 0.6859375 0.45 0.040625 0.075
0 0.7375 0.490625 0.053125 0.078125