4 0.2515625 0.19921875 0.04375 0.109375
4 0.16015625 0.23515625 0.053125 0.1171875
4 0.35703125 0.1859375 0.06875 0.1375
4 0.36171875 0.796875 0.228125 0.26875
4 0.3796875 0.15 0.034375 0.08125
4 0.29296875 0.1109375 0.0375 0.090625
4 0.57421875 0.30703125 0.103125 0.5
4 0.11640625 0.19609375 0.04375 0.10625
4 0.67890625 0.27265625 0.109375 0.453125
0 0.9296875 0.7453125 0.09375 0.1765625
0 0.67890625 0.5046875 0.078125 0.1921875
0 0.33125 0.73671875 0.146875 0.25625
0 0.225 0.628125 0.1046875 0.325
0 0.52109375 0.40546875 0.121875 0.171875
0 0.37890625 0.5359375 0.146875 0.309375
4 0.36953125 0.41015625 0.1125 0.24375
4 0.5640625 0.5953125 0.1828125 0.271875
2 0.4671875 0.31328125 0.05625 0.0625
2 0.5296875 0.15078125 0.071875 0.09375
2 0.7625 0.56484375 0.11875 0.125
2 0.60859375 0.67890625 0.1390625 0.1703125
2 0.4 0.91796875 0.128125 0.125
2 0.74921875 0.7921875 0.1421875 0.2578125
0 0.940625 0.97109375 0.065625 0.0578125
4 0.85 0.85234375 0.140625 0.2953125
5 0.7984375 0.74140625 0.04375 0.0703125
5 0.534375 0.796875 0.034375 0.053125
1 0.72109375 0.54140625 0.0828125 0.0984375
1 0.378125 0.884375 0.140625 0.140625
2 0.346875 0.34140625 0.05625 0.0890625
2 0.3203125 0.16484375 0.040625 0.06875
2 0.2296875 0.190625 0.025 0.0625
2 0.13359375 0.23984375 0.025 0.046875
0 0.396875 0.21953125 0.0546875 0.109375