4 0.34765625 0.29921875 0.065625 0.13046875
4 0.52109375 0.49375 0.08828125 0.2
0 0.728125 0.878125 0.171875 0.24375
0 0.62734375 0.675 0.0734375 0.11328125
4 0.153125 0.31171875 0.07265625 0.3109375
0 0.5984375 0.46484375 0.06640625 0.171875
4 0.2375 0.28671875 0.0640625 0.234375
0 0.3203125 0.66171875 0.11015625 0.296875
0 0.18046875 0.784375 0.1125 0.303125
0 0.6828125 0.5546875 0.06953125 0.1984375
4 0.103125 0.21796875 0.05078125 0.2546875
0 0.39765625 0.878125 0.17109375 0.24375
0 0.11328125 0.47734375 0.096875 0.24921875
0 0.30546875 0.2609375 0.03203125 0.075
4 0.17421875 0.15703125 0.05234375 0.12890625
0 0.1953125 0.48671875 0.09453125 0.22890625
4 0.23203125 0.16171875 0.046875 0.14296875
0 0.16015625 0.6421875 0.13046875 0.20859375
4 0.05703125 0.24375 0.06171875 0.2265625
4 0.203125 0.1890625 0.04921875 0.12421875
0 0.65078125 0.38828125 0.03125 0.059375
0 0.684375 0.425 0.0375 0.06484375
0 0.73515625 0.46953125 0.04375 0.0875
1 0.2796875 0.36640625 0.04921875 0.06328125
2 0.53359375 0.74375 0.11171875 0.1828125
2 0.02578125 0.41171875 0.0515625 0.0890625
2 0.02265625 0.346875 0.0453125 0.08203125
2 0.034375 0.57421875 0.065625 0.1296875
2 0.0921875 0.76640625 0.09609375 0.1546875
5 0.10859375 0.871875 0.0546875 0.04765625
5 0.04140625 0.4609375 0.034375 0.028125
5 0.03125 0.32265625 0.0171875 0.02109375
5 0.4453125 0.68203125 0.03984375 0.040625
5 0.07578125 0.2484375 0.0203125 0.0265625