4 0.27265625 0.33359375 0.15 0.071875
4 0.4796875 0.51640625 0.215625 0.1015625
0 0.8921875 0.7546875 0.215625 0.1890625
4 0.77890625 0.12109375 0.378125 0.165625
4 0.809375 0.4421875 0.38125 0.190625
0 0.5609375 0.70625 0.2203125 0.08125
0 0.6953125 0.27890625 0.33125 0.146875
4 0.5953125 0.60625 0.1984375 0.090625
4 0.57578125 0.06796875 0.3015625 0.1359375
0 0.43984375 0.209375 0.28125 0.0875
4 0.3859375 0.05 0.259375 0.0828125
0 0.45625 0.615625 0.196875 0.0765625
0 0.878125 0.38125 0.24375 0.16875
0 0.22578125 0.28203125 0.084375 0.0375
0 0.3671875 0.66328125 0.0875 0.040625
0 0.4140625 0.70078125 0.06875 0.046875
0 0.4640625 0.7640625 0.078125 0.040625
1 0.359375 0.253125 0.0703125 0.053125
2 0.39375 0.0109375 0.0796875 0.021875
2 0.8 0.0515625 0.19375 0.103125
2 0.75703125 0.51796875 0.1890625 0.1
5 0.68359375 0.01875 0.046875 0.0375
5 0.93203125 0.07578125 0.0671875 0.0625