4 0.51328125 0.48125 0.09375 0.18984375
4 0.43828125 0.79296875 0.14296875 0.35078125
4 0.35 0.29609375 0.06328125 0.13046875
4 0.58828125 0.590625 0.0875 0.1859375
0 0.68203125 0.55625 0.071875 0.19453125
4 0.14609375 0.75078125 0.15859375 0.36015625
4 0.090625 0.36875 0.07421875 0.234375
0 0.23125 0.45234375 0.06875 0.25078125
0 0.3 0.678125 0.12890625 0.303125
0 0.73359375 0.87734375 0.16796875 0.23984375
0 0.2984375 0.2515625 0.0328125 0.071875
0 0.3921875 0.8625 0.1546875 0.26796875
0 0.59609375 0.46015625 0.065625 0.18984375
1 0.2734375 0.36953125 0.0484375 0.0671875
2 0.021875 0.35625 0.04375 0.05625
2 0.0375 0.40546875 0.05078125 0.08359375
2 0.0375 0.58828125 0.0625 0.12578125
2 0.0859375 0.7734375 0.11171875 0.1890625
2 0.515625 0.73515625 0.0859375 0.1625
0 0.646875 0.3890625 0.03125 0.06640625
0 0.684375 0.425 0.03828125 0.06484375
0 0.7296875 0.46328125 0.0484375 0.08359375
5 0.11328125 0.89375 0.04921875 0.04921875
5 0.05859375 0.665625 0.0375 0.0359375
5 0.01953125 0.4609375 0.03671875 0.03046875