4 0.74453125 0.21875 0.0421875 0.109375
4 0.83515625 0.2546875 0.053125 0.115625
4 0.6390625 0.20625 0.0671875 0.1375
4 0.634375 0.81328125 0.228125 0.2671875
4 0.70234375 0.13125 0.0375 0.0890625
4 0.46796875 0.19921875 0.0875 0.240625
4 0.878125 0.21640625 0.04375 0.10625
4 0.3875 0.30234375 0.109375 0.45
0 0.31953125 0.5234375 0.078125 0.190625
0 0.66484375 0.753125 0.146875 0.253125
0 0.7703125 0.6453125 0.103125 0.321875
0 0.47578125 0.42421875 0.121875 0.1703125
4 0.13984375 0.85546875 0.140625 0.2875
0 0.6171875 0.55390625 0.146875 0.3078125
4 0.6265625 0.42890625 0.1125 0.2421875
4 0.4328125 0.61328125 0.18125 0.26875
5 0.6765625 0.425 0.0265625 0.0515625
5 0.4671875 0.8125 0.05 0.053125
5 0.2 0.7578125 0.0375 0.0828125
2 0.253125 0.80625 0.1296875 0.2546875
2 0.3875 0.6828125 0.128125 0.165625
2 0.2359375 0.58984375 0.103125 0.1375
2 0.60625 0.9375 0.1296875 0.125
2 0.4390625 0.20078125 0.075 0.096875
2 0.646875 0.3609375 0.046875 0.0828125
2 0.52890625 0.32421875 0.06875 0.0734375
2 0.67734375 0.18203125 0.0359375 0.06875
2 0.765625 0.20390625 0.0265625 0.0640625
2 0.86640625 0.2671875 0.0234375 0.05625
1 0.61640625 0.890625 0.140625 0.146875
1 0.28125 0.56015625 0.078125 0.096875
0 0.05859375 0.75 0.071875 0.1890625
0 0.0578125 0.9703125 0.0515625 0.059375