4 0.2578125 0.65234375 0.1625 0.075
4 0.4796875 0.46171875 0.21875 0.1
0 0.8859375 0.23046875 0.228125 0.1921875
0 0.446875 0.37421875 0.190625 0.075
0 0.68046875 0.3421875 0.1265625 0.08125
0 0.66484375 0.684375 0.328125 0.121875
0 0.54609375 0.28046875 0.2203125 0.078125
0 0.8859375 0.596875 0.228125 0.1875
4 0.18125 0.90546875 0.278125 0.065625
0 0.80234375 0.8390625 0.334375 0.125
4 0.2375 0.80078125 0.2640625 0.0796875
4 0.19140625 0.96953125 0.2375 0.0609375
4 0.1078125 0.8421875 0.15 0.0484375
0 0.47734375 0.91171875 0.25625 0.103125
4 0.09453125 0.78203125 0.14375 0.0546875
0 0.21953125 0.69921875 0.084375 0.0375
0 0.3765625 0.9453125 0.165625 0.08125
0 0.471875 0.81953125 0.25625 0.1078125
0 0.646875 0.86171875 0.23125 0.1453125
4 0.275 0.87421875 0.34375 0.075
1 0.33671875 0.72734375 0.071875 0.05625
2 0.31640625 0.99453125 0.1 0.0109375
2 0.3921875 0.98984375 0.0984375 0.0203125
2 0.5859375 0.98203125 0.1375 0.0359375
2 0.7734375 0.9390625 0.190625 0.109375
2 0.75625 0.4453125 0.2 0.1171875
5 0.690625 0.54296875 0.0484375 0.040625
5 0.89921875 0.915625 0.0453125 0.053125
5 0.44375 0.9875 0.0296875 0.025
5 0.18671875 0.9421875 0.040625 0.028125
0 0.36953125 0.3171875 0.06875 0.034375
0 0.40234375 0.28046875 0.0625 0.0453125
0 0.4515625 0.22578125 0.1125 0.0546875