4 0.5234375 0.4828125 0.09375 0.196875
4 0.34921875 0.2796875 0.0671875 0.134375
0 0.39375 0.88359375 0.171875 0.23125
0 0.69296875 0.5421875 0.071875 0.2
0 0.6390625 0.66953125 0.075 0.115625
4 0.2265625 0.315625 0.071875 0.321875
0 0.6046875 0.45234375 0.06875 0.178125
0 0.190625 0.47421875 0.0875 0.228125
0 0.3171875 0.6578125 0.10625 0.3078125
0 0.7390625 0.878125 0.16875 0.24375
4 0.2234375 0.1296875 0.0484375 0.13125
4 0.16171875 0.19765625 0.0625 0.271875
4 0.04921875 0.23125 0.0625 0.225
0 0.09921875 0.4375 0.10625 0.234375
0 0.1453125 0.6546875 0.134375 0.240625
0 0.30546875 0.24375 0.034375 0.075
4 0.1671875 0.2640625 0.075 0.365625
4 0.178125 0.1140625 0.0359375 0.0890625
0 0.17734375 0.7828125 0.115625 0.303125
4 0.1734375 0.24453125 0.06875 0.2921875
4 0.08359375 0.22421875 0.05 0.2375
4 0.06953125 0.22578125 0.0671875 0.2265625
4 0.09453125 0.2 0.040625 0.275
4 0.17890625 0.20625 0.0609375 0.2078125
0 0.175 0.290625 0.046875 0.196875
4 0.1859375 0.190625 0.065625 0.178125
0 0.0734375 0.37890625 0.065625 0.13125
1 0.27578125 0.34765625 0.0484375 0.0734375
2 0.53671875 0.7453125 0.1140625 0.190625
2 0.08359375 0.753125 0.1 0.16875
2 0.028125 0.56171875 0.05625 0.14375
2 0.01953125 0.39921875 0.0390625 0.109375
2 0.01484375 0.32421875 0.028125 0.0984375
5 0.446875 0.67578125 0.0375 0.04375
5 0.1015625 0.87265625 0.046875 0.0515625
5 0.02890625 0.44453125 0.0359375 0.0328125
0 0.74375 0.446875 0.040625 0.0890625
0 0.65703125 0.37421875 0.0375 0.0671875
0 0.690625 0.40625 0.040625 0.06875