4 0.57890625 0.05625 0.30625 0.1125
0 0.4 0.16953125 0.259375 0.06875
4 0.33828125 0.20390625 0.246875 0.090625
4 0.25078125 0.3140625 0.13125 0.0625
4 0.565625 0.30390625 0.321875 0.125
4 0.43203125 0.47109375 0.1828125 0.1
4 0.57578125 0.5640625 0.1953125 0.096875
4 0.7546875 0.4171875 0.3625 0.1515625
0 0.88359375 0.16640625 0.2328125 0.128125
0 0.359375 0.03515625 0.1484375 0.06875
0 0.2921875 0.13359375 0.2078125 0.053125
0 0.69453125 0.26796875 0.31875 0.103125
0 0.87109375 0.35390625 0.2578125 0.11875
0 0.33203125 0.3625 0.09375 0.05
0 0.20625 0.26640625 0.078125 0.034375
0 0.42265625 0.58203125 0.15625 0.05625
0 0.48671875 0.640625 0.1953125 0.0609375
0 0.82265625 0.753125 0.3234375 0.146875
2 0.534375 0.3546875 0.1625 0.0890625
2 0.71640625 0.4953125 0.1765625 0.10625
2 0.2953125 0.2265625 0.125 0.065625
5 0.60859375 0.02421875 0.0375 0.0421875
5 0.284375 0.209375 0.034375 0.0234375
5 0.64140625 0.39453125 0.046875 0.0328125
1 0.390625 0.28203125 0.0890625 0.0515625
0 0.3453125 0.62265625 0.0546875 0.04375
0 0.371875 0.65625 0.059375 0.04375
0 0.42890625 0.70625 0.071875 0.04375