4 0.75390625 0.2640625 0.0390625 0.0984375
4 0.83671875 0.296875 0.0484375 0.10625
4 0.6578125 0.25234375 0.0609375 0.125
4 0.6546875 0.8046875 0.20703125 0.24296875
4 0.71640625 0.184375 0.034375 0.08125
4 0.50234375 0.24609375 0.0796875 0.21875
4 0.8765625 0.2609375 0.0390625 0.096875
4 0.42890625 0.33984375 0.09921875 0.409375
0 0.3671875 0.540625 0.0703125 0.1734375
0 0.68125 0.75 0.134375 0.23125
0 0.778125 0.6515625 0.0953125 0.29375
0 0.509375 0.45 0.1109375 0.1546875
4 0.203125 0.853125 0.128125 0.2828125
0 0.6390625 0.56875 0.134375 0.2796875
4 0.646875 0.4546875 0.1015625 0.2203125
4 0.4703125 0.62265625 0.165625 0.2453125
5 0.6921875 0.4515625 0.02421875 0.046875
5 0.5015625 0.803125 0.0453125 0.0484375
5 0.2578125 0.75390625 0.03359375 0.075
2 0.30625 0.79765625 0.11796875 0.23203125
2 0.4296875 0.68515625 0.11640625 0.1515625
2 0.29140625 0.6015625 0.09375 0.125
2 0.628125 0.91875 0.11796875 0.115625
2 0.47578125 0.246875 0.06875 0.0890625
2 0.665625 0.39296875 0.0421875 0.075
2 0.5578125 0.359375 0.06328125 0.06640625
2 0.69296875 0.2296875 0.0328125 0.0625
2 0.7734375 0.25 0.02421875 0.05859375
2 0.865625 0.3078125 0.02109375 0.0515625
1 0.6375 0.875 0.12890625 0.13359375
1 0.33203125 0.57421875 0.0703125 0.0875
0 0.1296875 0.746875 0.06640625 0.171875
0 0.12890625 0.96015625 0.046875 0.07890625