4 0.346875 0.29453125 0.06484375 0.13515625
4 0.5125 0.48203125 0.09140625 0.1953125
0 0.72734375 0.878125 0.1703125 0.24375
4 0.1546875 0.7515625 0.15078125 0.340625
4 0.44453125 0.79140625 0.171875 0.36875
0 0.68359375 0.55546875 0.07265625 0.19921875
0 0.29765625 0.6765625 0.13203125 0.3
4 0.59375 0.5859375 0.0828125 0.1796875
4 0.1 0.56875 0.13515625 0.271875
0 0.234375 0.44609375 0.07890625 0.2546875
4 0.08984375 0.396875 0.075 0.234375
0 0.6015625 0.4609375 0.06953125 0.17890625
0 0.390625 0.865625 0.153125 0.26875
0 0.3 0.25234375 0.03359375 0.0765625
0 0.6453125 0.3796875 0.03671875 0.0796875
0 0.6796875 0.42265625 0.04140625 0.0625
0 0.73671875 0.46796875 0.0375 0.0703125
1 0.2734375 0.37265625 0.04765625 0.06328125
2 0.0390625 0.40390625 0.05078125 0.07265625
2 0.02109375 0.3515625 0.04140625 0.06640625
2 0.08984375 0.77109375 0.096875 0.17421875
2 0.5140625 0.73203125 0.09140625 0.1703125
5 0.0578125 0.66640625 0.0421875 0.0421875
5 0.11328125 0.88984375 0.05625 0.0609375
5 0.021875 0.45234375 0.02890625 0.03671875