4 0.74765625 0.26875 0.04375 0.109375
4 0.840625 0.30546875 0.053125 0.11875
4 0.640625 0.25625 0.06875 0.140625
4 0.6359375 0.86875 0.23125 0.2625
4 0.70546875 0.1796875 0.0375 0.090625
4 0.884375 0.265625 0.04375 0.1078125
4 0.7109375 0.2921875 0.1 0.23125
4 0.1234375 0.8828125 0.146875 0.234375
0 0.31484375 0.57890625 0.078125 0.19375
0 0.66640625 0.81328125 0.15 0.259375
0 0.77421875 0.703125 0.10625 0.328125
4 0.43046875 0.390625 0.1328125 0.2125
0 0.61875 0.61015625 0.15 0.3125
4 0.628125 0.4828125 0.1125 0.246875
4 0.43046875 0.6703125 0.184375 0.275
2 0.640625 0.4203125 0.065625 0.1125
2 0.4953125 0.384375 0.08125 0.128125
2 0.24453125 0.865625 0.1421875 0.26875
2 0.2296875 0.64296875 0.1125 0.134375
2 0.38359375 0.75234375 0.134375 0.159375
2 0.5875 0.95859375 0.14375 0.0828125
2 0.76796875 0.25703125 0.0296875 0.0484375
2 0.6703125 0.21875 0.028125 0.0546875
2 0.86640625 0.3125 0.025 0.0625
1 0.6203125 0.9421875 0.146875 0.115625
1 0.2734375 0.6171875 0.0859375 0.09375
5 0.19453125 0.82421875 0.04375 0.071875
5 0.46953125 0.87109375 0.034375 0.05
5 0.67890625 0.48203125 0.025 0.053125
0 0.04921875 0.81640625 0.084375 0.196875