4 0.3484375 0.29453125 0.06796875 0.1453125
4 0.5203125 0.49453125 0.08984375 0.196875
0 0.72734375 0.878125 0.1734375 0.24375
0 0.5984375 0.46484375 0.06640625 0.171875
0 0.62734375 0.67578125 0.0734375 0.1140625
0 0.31953125 0.66171875 0.11015625 0.2953125
0 0.6828125 0.5546875 0.06953125 0.1984375
0 0.396875 0.878125 0.16875 0.24375
4 0.1203125 0.2265625 0.05859375 0.25078125
0 0.18046875 0.78515625 0.11171875 0.3015625
4 0.21484375 0.2765625 0.07109375 0.23828125
4 0.05703125 0.23515625 0.065625 0.21328125
4 0.17734375 0.16015625 0.04375 0.13515625
0 0.11484375 0.49296875 0.09375 0.23125
4 0.23125 0.1484375 0.0484375 0.1296875
0 0.30625 0.2609375 0.0328125 0.075
0 0.084375 0.4015625 0.07265625 0.1484375
0 0.19765625 0.4875 0.096875 0.23046875
0 0.16015625 0.6453125 0.13046875 0.20703125
4 0.14921875 0.31015625 0.06640625 0.309375
1 0.28125 0.365625 0.05 0.06484375
2 0.02265625 0.34765625 0.0453125 0.08984375
2 0.0265625 0.41484375 0.053125 0.0890625
2 0.034375 0.590625 0.06796875 0.12421875
2 0.08984375 0.759375 0.0984375 0.171875
2 0.53515625 0.74375 0.10546875 0.1796875
5 0.44609375 0.684375 0.0359375 0.04375
5 0.1109375 0.87265625 0.0484375 0.040625
5 0.04453125 0.46328125 0.02734375 0.0265625
5 0.0875 0.23046875 0.025 0.0359375
0 0.65 0.3953125 0.03125 0.0609375
0 0.6828125 0.425 0.040625 0.05703125
0 0.73203125 0.46953125 0.04921875 0.10078125