4 0.215625 0.88125 0.1078125 0.23671875
4 0.63125 0.45625 0.07734375 0.24296875
4 0.65 0.284375 0.06640625 0.1359375
4 0.840625 0.328125 0.05 0.1578125
4 0.86796875 0.2625 0.0359375 0.08828125
4 0.71953125 0.71484375 0.1484375 0.33046875
4 0.48359375 0.60234375 0.11875 0.25390625
4 0.753125 0.28671875 0.0375 0.140625
4 0.88203125 0.44609375 0.0609375 0.36328125
4 0.721875 0.30703125 0.0625 0.1140625
4 0.71484375 0.20234375 0.0390625 0.08984375
2 0.290625 0.60859375 0.10859375 0.13046875
2 0.30625 0.803125 0.1265625 0.253125
2 0.4265625 0.6875 0.11796875 0.14140625
2 0.6203125 0.9203125 0.1125 0.09609375
2 0.6515625 0.384375 0.06015625 0.08046875
2 0.5328125 0.365625 0.06875 0.1140625
2 0.68828125 0.23359375 0.046875 0.05
2 0.7703125 0.25625 0.03828125 0.04296875
1 0.32890625 0.58359375 0.071875 0.08359375
1 0.63125 0.88046875 0.13515625 0.14453125
5 0.259375 0.75625 0.03671875 0.07109375
5 0.503125 0.8046875 0.02578125 0.0515625
0 0.13046875 0.7453125 0.0765625 0.159375
0 0.15078125 0.93515625 0.05 0.11796875