4 0.75390625 0.2640625 0.0390625 0.0984375
4 0.83671875 0.296875 0.0484375 0.10625
4 0.6578125 0.25234375 0.0609375 0.125
4 0.6546875 0.8046875 0.20703125 0.24296875
4 0.71640625 0.184375 0.034375 0.08125
4 0.8765625 0.2609375 0.0390625 0.096875
4 0.71328125 0.315625 0.0734375 0.14296875
0 0.12578125 0.73125 0.05625 0.10546875
0 0.3671875 0.540625 0.0703125 0.1734375
0 0.68125 0.75 0.134375 0.23125
0 0.778125 0.6515625 0.0953125 0.29375
4 0.4703125 0.37265625 0.11875 0.18984375
0 0.6390625 0.56875 0.134375 0.2796875
4 0.646875 0.4546875 0.1015625 0.2203125
4 0.4703125 0.62265625 0.165625 0.2453125
2 0.540625 0.3703125 0.05234375 0.12109375
2 0.6671875 0.40234375 0.04140625 0.1015625
2 0.6921875 0.221875 0.03828125 0.065625
2 0.7703125 0.253125 0.028125 0.0609375
2 0.61953125 0.928125 0.1140625 0.1125
2 0.43125 0.69453125 0.11484375 0.11640625
2 0.28984375 0.6046875 0.09375 0.10390625
2 0.2984375 0.80234375 0.13515625 0.240625
5 0.26015625 0.75703125 0.034375 0.05859375
5 0.50390625 0.80625 0.040625 0.0515625
5 0.69140625 0.453125 0.021875 0.040625
0 0.13671875 0.95703125 0.053125 0.0859375
4 0.1890625 0.86875 0.11953125 0.2625
1 0.634375 0.8765625 0.13125 0.13046875
1 0.3265625 0.57890625 0.0765625 0.0859375