4 0.7453125 0.2421875 0.04375 0.109375
4 0.83671875 0.27890625 0.053125 0.11875
4 0.63828125 0.2296875 0.06875 0.1390625
4 0.634375 0.84296875 0.2296875 0.2703125
4 0.703125 0.15390625 0.0375 0.090625
4 0.465625 0.221875 0.0875 0.24375
4 0.88046875 0.2390625 0.04375 0.10625
4 0.38359375 0.3265625 0.109375 0.4546875
0 0.0890625 0.85078125 0.146875 0.296875
0 0.31484375 0.55 0.078125 0.19375
0 0.66484375 0.78203125 0.15 0.25625
0 0.771875 0.6734375 0.10625 0.3265625
0 0.4734375 0.44921875 0.121875 0.171875
0 0.61640625 0.58046875 0.15 0.3109375
4 0.62578125 0.4546875 0.1125 0.24375
4 0.43046875 0.640625 0.184375 0.271875
1 0.275 0.6015625 0.0734375 0.08125
1 0.615625 0.91875 0.1421875 0.1625
0 0.05234375 0.9828125 0.0671875 0.034375
0 0.60546875 0.26484375 0.0625 0.084375
5 0.19453125 0.79375 0.0375 0.08125
5 0.465625 0.8421875 0.0375 0.05
5 0.6765625 0.44921875 0.025 0.05625
4 0.1359375 0.8671875 0.128125 0.265625
2 0.24765625 0.84609375 0.134375 0.284375
2 0.3859375 0.71953125 0.125 0.15625
2 0.2328125 0.60546875 0.1 0.140625
2 0.5953125 0.9515625 0.121875 0.096875
2 0.43828125 0.22734375 0.0703125 0.103125
2 0.65234375 0.390625 0.0515625 0.09375
2 0.521875 0.35703125 0.05625 0.0625
2 0.678125 0.20625 0.040625 0.071875
2 0.76875 0.23671875 0.028125 0.071875