4 0.2640625 0.75390625 0.0984375 0.0390625
4 0.296875 0.83671875 0.10625 0.0484375
4 0.25234375 0.6578125 0.125 0.0609375
4 0.8046875 0.6546875 0.24375 0.20625
4 0.184375 0.71640625 0.08125 0.034375
4 0.36171875 0.46171875 0.453125 0.0921875
4 0.2609375 0.8765625 0.096875 0.0390625
4 0.33046875 0.36640625 0.409375 0.1
0 0.76015625 0.1375 0.184375 0.078125
0 0.540625 0.3671875 0.1734375 0.0703125
0 0.75 0.68125 0.23125 0.134375
0 0.6515625 0.778125 0.29375 0.0953125
0 0.45 0.509375 0.1546875 0.1109375
0 0.56875 0.6390625 0.2796875 0.134375
4 0.4546875 0.646875 0.2203125 0.1015625
4 0.62265625 0.4703125 0.2453125 0.165625
2 0.234375 0.4984375 0.08125 0.06875
2 0.80625 0.31484375 0.228125 0.1078125
2 0.94453125 0.503125 0.1109375 0.1328125
2 0.69375 0.428125 0.13125 0.115625
2 0.91796875 0.625 0.1140625 0.1140625
2 0.61015625 0.29375 0.1125 0.09375
2 0.371875 0.55625 0.05625 0.05
2 0.39609375 0.6703125 0.071875 0.040625
2 0.221875 0.6953125 0.06875 0.04375
2 0.25703125 0.775 0.05625 0.025
2 0.30234375 0.86171875 0.046875 0.0171875
5 0.7625 0.2609375 0.08125 0.034375
5 0.803125 0.503125 0.0484375 0.0375
5 0.453125 0.6921875 0.05625 0.021875
1 0.8796875 0.6375 0.134375 0.13125
1 0.578125 0.3296875 0.08125 0.071875
0 0.9546875 0.13671875 0.090625 0.08125
4 0.84921875 0.2078125 0.3015625 0.121875