4 0.75390625 0.2640625 0.0390625 0.0984375
4 0.83671875 0.296875 0.0484375 0.10625
4 0.6578125 0.25234375 0.0609375 0.125
4 0.6546875 0.8046875 0.20703125 0.24296875
4 0.71640625 0.184375 0.034375 0.08125
4 0.50234375 0.24609375 0.0796875 0.21875
4 0.8765625 0.2609375 0.0390625 0.096875
4 0.42890625 0.33984375 0.09921875 0.409375
0 0.16328125 0.82421875 0.13125 0.29140625
0 0.3671875 0.540625 0.0703125 0.1734375
0 0.68125 0.75 0.134375 0.23125
0 0.778125 0.6515625 0.0953125 0.29375
0 0.509375 0.45 0.1109375 0.1546875
0 0.6390625 0.56875 0.134375 0.2796875
4 0.646875 0.4546875 0.1015625 0.2203125
4 0.4703125 0.62265625 0.165625 0.2453125
1 0.33125 0.5875 0.06640625 0.071875
1 0.6375 0.87421875 0.128125 0.1484375
0 0.13125 0.9578125 0.06015625 0.084375
0 0.628125 0.284375 0.05546875 0.0765625
5 0.25859375 0.76015625 0.034375 0.0734375
5 0.50234375 0.803125 0.0328125 0.04609375
5 0.6921875 0.45 0.02265625 0.05
4 0.20625 0.853125 0.115625 0.29296875
2 0.30625 0.8078125 0.1203125 0.25703125
2 0.43125 0.69375 0.1125 0.140625
2 0.29375 0.590625 0.08984375 0.1265625
2 0.61875 0.91640625 0.11015625 0.11640625
2 0.478125 0.25078125 0.06328125 0.09296875
2 0.6703125 0.396875 0.04609375 0.08359375
2 0.553125 0.3671875 0.05078125 0.05703125
2 0.69375 0.23125 0.03671875 0.065625
2 0.77578125 0.259375 0.025 0.065625