4 0.3140625 0.30078125 0.071875 0.14375
0 0.72109375 0.89609375 0.1859375 0.2078125
4 0.5 0.50625 0.096875 0.2125
0 0.6125 0.7046875 0.0796875 0.121875
0 0.28359375 0.690625 0.11875 0.3171875
4 0.12421875 0.1359375 0.046875 0.11875
0 0.58203125 0.47890625 0.071875 0.1828125
0 0.671875 0.57578125 0.075 0.2125
0 0.134375 0.8203125 0.11875 0.328125
4 0.190625 0.28828125 0.071875 0.2484375
4 0.1015625 0.309375 0.0734375 0.334375
0 0.36640625 0.896875 0.18125 0.20625
0 0.06015625 0.49140625 0.103125 0.271875
0 0.14765625 0.496875 0.1 0.234375
4 0.04765625 0.21484375 0.05625 0.26875
0 0.26796875 0.26015625 0.034375 0.08125
0 0.11171875 0.6703125 0.140625 0.2234375
4 0.015625 0.23671875 0.03125 0.2359375
4 0.14375 0.1984375 0.053125 0.140625
4 0.18203125 0.1625 0.0453125 0.1203125
4 0.14375 0.2765625 0.0578125 0.3
2 0.5046875 0.78125 0.128125 0.184375
2 0.046875 0.79765625 0.09375 0.175
5 0.059375 0.91484375 0.05625 0.065625
5 0.01953125 0.2375 0.0171875 0.05
5 0.4171875 0.71640625 0.0453125 0.040625
1 0.24296875 0.37578125 0.046875 0.0640625
0 0.6375 0.40078125 0.0375 0.05
0 0.67109375 0.43203125 0.04375 0.065625
0 0.73046875 0.4796875 0.0484375 0.0796875