4 0.88046875 0.1921875 0.2375 0.1078125
4 0.43828125 0.634375 0.253125 0.08125
4 0.259375 0.65390625 0.140625 0.06875
4 0.3046875 0.8515625 0.1625 0.053125
4 0.2375 0.88046875 0.090625 0.0375
4 0.71875 0.709375 0.325 0.140625
4 0.58984375 0.48125 0.2640625 0.121875
4 0.240625 0.759375 0.1109375 0.040625
4 0.42734375 0.89453125 0.3765625 0.0640625
4 0.2859375 0.728125 0.11875 0.065625
4 0.175 0.72109375 0.09375 0.040625
2 0.19453125 0.70234375 0.05 0.0375
2 0.22890625 0.78359375 0.05 0.021875
2 0.35078125 0.534375 0.115625 0.0765625
2 0.3765625 0.6546875 0.0875 0.0671875
2 0.92109375 0.61953125 0.1125 0.1203125
2 0.6828125 0.42890625 0.14375 0.1125
2 0.59609375 0.28515625 0.1328125 0.0921875
2 0.79921875 0.29453125 0.2453125 0.13125
5 0.75390625 0.2484375 0.065625 0.034375
5 0.79921875 0.50078125 0.05 0.0359375
1 0.56171875 0.31953125 0.09375 0.0765625
1 0.88203125 0.6375 0.159375 0.13125
0 0.7453125 0.11875 0.1828125 0.065625
0 0.9359375 0.1421875 0.128125 0.05