4 0.2546875 0.24609375 0.04375 0.109375
4 0.16328125 0.28203125 0.053125 0.1171875
4 0.3609375 0.2328125 0.06875 0.1375
4 0.36484375 0.84375 0.228125 0.26875
4 0.296875 0.1578125 0.0375 0.090625
4 0.57734375 0.35390625 0.103125 0.5
4 0.1203125 0.24296875 0.04375 0.10625
4 0.6828125 0.31953125 0.109375 0.453125
0 0.93515625 0.79453125 0.0875 0.203125
0 0.68203125 0.5515625 0.078125 0.1921875
0 0.33515625 0.78359375 0.146875 0.25625
0 0.228125 0.675 0.1046875 0.325
0 0.52421875 0.45234375 0.121875 0.171875
0 0.38203125 0.5828125 0.146875 0.309375
4 0.37265625 0.45703125 0.1125 0.24375
4 0.56796875 0.6421875 0.1828125 0.271875
2 0.5375 0.2125 0.0765625 0.090625
2 0.73984375 0.8453125 0.11875 0.253125
2 0.5328125 0.96796875 0.146875 0.0640625
2 0.6140625 0.72109375 0.1265625 0.146875
2 0.39765625 0.953125 0.125 0.09375
2 0.76328125 0.62890625 0.1046875 0.125
2 0.47265625 0.365625 0.0546875 0.0625
2 0.34765625 0.39140625 0.04375 0.0796875
2 0.3203125 0.2 0.046875 0.0765625
2 0.23203125 0.23828125 0.0265625 0.0625
2 0.1359375 0.28828125 0.01875 0.05
5 0.79921875 0.796875 0.0375 0.0890625
5 0.53203125 0.8421875 0.040625 0.053125
5 0.32265625 0.45546875 0.025 0.0625
1 0.384375 0.92578125 0.14375 0.1484375
1 0.72421875 0.59296875 0.08125 0.0890625
0 0.93671875 0.9796875 0.090625 0.040625
4 0.8578125 0.86328125 0.134375 0.2734375