4 0.515625 0.484375 0.0984375 0.1984375
4 0.3015625 0.19375 0.05234375 0.16640625
0 0.72734375 0.87890625 0.17109375 0.24140625
0 0.62734375 0.675 0.07265625 0.1109375
0 0.31953125 0.6609375 0.11015625 0.29609375
0 0.09375 0.3984375 0.0765625 0.153125
0 0.59765625 0.4640625 0.065625 0.1703125
0 0.39765625 0.878125 0.16875 0.24375
4 0.24921875 0.31640625 0.07890625 0.2453125
0 0.18125 0.7828125 0.11328125 0.29921875
0 0.1140625 0.49375 0.0921875 0.23359375
0 0.68359375 0.5546875 0.0671875 0.1984375
4 0.24453125 0.1453125 0.046875 0.11640625
0 0.19765625 0.48671875 0.10546875 0.2296875
0 0.34609375 0.31640625 0.03984375 0.075
4 0.20390625 0.1609375 0.05234375 0.13828125
4 0.15234375 0.2734375 0.07265625 0.3484375
0 0.15859375 0.6453125 0.13046875 0.20390625
0 0.31328125 0.26796875 0.03359375 0.0734375
5 0.0390625 0.46328125 0.03515625 0.01953125
5 0.0328125 0.32265625 0.02265625 0.0234375
5 0.1109375 0.87421875 0.0546875 0.04765625
5 0.4453125 0.68671875 0.04921875 0.03671875
2 0.0359375 0.5796875 0.07109375 0.14140625
2 0.02890625 0.4171875 0.05390625 0.08046875
2 0.0234375 0.34609375 0.046875 0.0984375
2 0.09296875 0.76796875 0.10546875 0.18125
2 0.53203125 0.7484375 0.10546875 0.17734375
1 0.284375 0.36875 0.03203125 0.0625
1 0.6484375 0.3875 0.0390625 0.06328125