4 0.11953125 0.82421875 0.2390625 0.1140625
4 0.5609375 0.38515625 0.25625 0.08125
4 0.74296875 0.365625 0.14375 0.0703125
4 0.696875 0.1640625 0.165625 0.053125
4 0.765625 0.13515625 0.09375 0.0375
4 0.2890625 0.2921875 0.3484375 0.15625
4 0.40703125 0.540625 0.26875 0.125
4 0.740625 0.25625 0.1484375 0.040625
4 0.57265625 0.1203125 0.3828125 0.0640625
4 0.71875 0.28984375 0.1203125 0.065625
4 0.82890625 0.296875 0.09375 0.040625
2 0.40078125 0.74453125 0.1375 0.115625
2 0.19609375 0.728125 0.265625 0.134375
2 0.31796875 0.60078125 0.15 0.125
2 0.07265625 0.396875 0.1 0.11875
2 0.63671875 0.36328125 0.084375 0.0625
2 0.65703125 0.4890625 0.1203125 0.071875
2 0.796875 0.325 0.053125 0.05
2 0.77265625 0.2390625 0.0453125 0.040625
1 0.42734375 0.70390625 0.0875 0.075
1 0.1140625 0.384375 0.153125 0.1421875
5 0.2453125 0.77734375 0.075 0.0390625
5 0.19375 0.51953125 0.053125 0.028125
0 0.25703125 0.91328125 0.16875 0.08125
0 0.059375 0.89140625 0.11875 0.053125