4 0.51015625 0.4890625 0.1 0.2
4 0.290625 0.19453125 0.05625 0.1703125
0 0.72578125 0.88359375 0.171875 0.2328125
0 0.08125 0.40234375 0.0796875 0.1578125
0 0.31171875 0.66796875 0.1125 0.3
0 0.6234375 0.68203125 0.0734375 0.1125
0 0.59375 0.4671875 0.065625 0.175
0 0.1703125 0.7921875 0.1140625 0.309375
0 0.3890625 0.8828125 0.171875 0.234375
4 0.23828125 0.31484375 0.06875 0.24375
0 0.68046875 0.5609375 0.06875 0.2
0 0.10234375 0.49609375 0.09375 0.234375
0 0.3375 0.31796875 0.040625 0.078125
4 0.21328125 0.18203125 0.0546875 0.134375
0 0.1859375 0.490625 0.10625 0.234375
0 0.1484375 0.65078125 0.13125 0.20625
4 0.18125 0.290625 0.071875 0.2375
4 0.1625 0.278125 0.0796875 0.365625
0 0.64765625 0.39375 0.034375 0.059375
0 0.67734375 0.42734375 0.040625 0.06875
0 0.734375 0.46875 0.0390625 0.071875
2 0.01640625 0.34375 0.03125 0.096875
2 0.01953125 0.41484375 0.0390625 0.0859375
2 0.02890625 0.5828125 0.0578125 0.1359375
2 0.078125 0.76875 0.1015625 0.16875
2 0.528125 0.75625 0.1125 0.175
1 0.27578125 0.37265625 0.034375 0.05625
5 0.021875 0.3265625 0.01875 0.025
5 0.03125 0.465625 0.03125 0.0296875
5 0.10078125 0.8890625 0.0484375 0.053125
5 0.4390625 0.69140625 0.040625 0.034375
0 0.30390625 0.26484375 0.0375 0.0953125