4 0.4734375 0.525 0.2046875 0.1
4 0.178125 0.30546875 0.178125 0.05625
0 0.87734375 0.74453125 0.24375 0.175
4 0.2578125 0.134375 0.3515625 0.0765625
4 0.29765625 0.246875 0.25625 0.078125
0 0.653125 0.32265625 0.3046875 0.115625
0 0.66953125 0.63984375 0.115625 0.0765625
0 0.78125 0.1796875 0.3078125 0.115625
0 0.4515625 0.61015625 0.175 0.0671875
0 0.87734375 0.40234375 0.2453125 0.175
0 0.5453125 0.69765625 0.203125 0.06875
4 0.1203125 0.246875 0.11875 0.05
0 0.47421875 0.196875 0.240625 0.109375
0 0.4765625 0.109375 0.259375 0.0953125
0 0.29921875 0.35 0.078125 0.040625
0 0.6375 0.15703125 0.2125 0.134375
4 0.2328125 0.17890625 0.2703125 0.05625
4 0.11953125 0.2015625 0.1015625 0.0421875
0 0.375 0.6625 0.06875 0.034375
0 0.4109375 0.69609375 0.071875 0.0375
0 0.4546875 0.74921875 0.090625 0.05
5 0.6796875 0.453125 0.0296875 0.0359375
5 0.8734375 0.10859375 0.046875 0.0484375
5 0.44921875 0.03671875 0.0328125 0.0265625
5 0.30859375 0.02734375 0.025 0.021875
2 0.321875 0.01953125 0.096875 0.0390625
2 0.3984375 0.021875 0.09375 0.04375
2 0.56875 0.03359375 0.140625 0.0671875
2 0.7578125 0.08828125 0.171875 0.103125
2 0.7359375 0.5421875 0.178125 0.109375
1 0.35390625 0.28828125 0.071875 0.034375