4 0.71015625 0.3703125 0.1453125 0.06875
4 0.38828125 0.3578125 0.340625 0.13125
4 0.53515625 0.52109375 0.2046875 0.09375
0 0.4640625 0.70546875 0.203125 0.06875
4 0.1953125 0.47734375 0.3890625 0.1625
4 0.37265625 0.10625 0.30625 0.1375
0 0.53125 0.6453125 0.1875 0.06875
0 0.540625 0.23203125 0.225 0.078125
4 0.38671875 0.621875 0.203125 0.096875
0 0.0984375 0.22421875 0.196875 0.1328125
4 0.63046875 0.25078125 0.240625 0.090625
0 0.1515625 0.815625 0.303125 0.1484375
0 0.1234375 0.4234375 0.246875 0.15625
0 0.67109375 0.190625 0.203125 0.05625
0 0.26875 0.32578125 0.325 0.109375
0 0.75234375 0.31796875 0.0859375 0.0375
0 0.58984375 0.0859375 0.165625 0.059375
0 0.62578125 0.41875 0.09375 0.04375
2 0.3859375 0.0296875 0.1578125 0.059375
2 0.24375 0.55078125 0.190625 0.10625
2 0.42265625 0.4046875 0.1625 0.0953125
2 0.6671875 0.28359375 0.109375 0.0625
5 0.67265625 0.26328125 0.0375 0.028125
5 0.35 0.0765625 0.046875 0.0375
1 0.56875 0.33984375 0.075 0.053125
0 0.61484375 0.6859375 0.0640625 0.034375
0 0.58046875 0.71953125 0.05625 0.05
0 0.534375 0.765625 0.078125 0.046875