4 0.52265625 0.4578125 0.2140625 0.10625
4 0.8375 0.6921875 0.18125 0.059375
0 0.1125 0.22734375 0.225 0.1828125
0 0.615625 0.915625 0.16875 0.0859375
0 0.33125 0.66953125 0.321875 0.11875
0 0.31640625 0.33671875 0.11875 0.078125
0 0.54609375 0.36875 0.1859375 0.071875
0 0.19921875 0.8203125 0.3296875 0.121875
0 0.11328125 0.5859375 0.2265625 0.1828125
4 0.70859375 0.74765625 0.2609375 0.075
0 0.44609375 0.27578125 0.2140625 0.0734375
0 0.51484375 0.89296875 0.25 0.1
0 0.70546875 0.64140625 0.0828125 0.0421875
4 0.85078125 0.77421875 0.14375 0.0578125
0 0.52109375 0.80390625 0.25 0.1125
0 0.34921875 0.84375 0.2203125 0.140625
4 0.73515625 0.809375 0.253125 0.078125
4 0.7484375 0.82890625 0.390625 0.084375
0 0.62421875 0.3109375 0.065625 0.034375
0 0.5890625 0.27890625 0.0734375 0.04375
0 0.54375 0.21796875 0.075 0.0421875
2 0.678125 0.98359375 0.1046875 0.0328125
2 0.6015625 0.9796875 0.0921875 0.040625
2 0.42265625 0.9703125 0.14375 0.059375
2 0.22421875 0.91875 0.18125 0.1078125
2 0.2375 0.43828125 0.1875 0.1203125
1 0.646875 0.7078125 0.059375 0.0375
5 0.69609375 0.97890625 0.028125 0.021875
5 0.54765625 0.96875 0.03125 0.034375
5 0.0953125 0.89453125 0.0578125 0.0515625
5 0.30703125 0.5328125 0.0359375 0.04375
0 0.7625 0.67734375 0.103125 0.040625