4 0.52109375 0.52578125 0.2 0.0953125
4 0.72734375 0.35 0.1375 0.06875
0 0.5296875 0.1890625 0.23125 0.0859375
0 0.11640625 0.39453125 0.23125 0.1734375
4 0.71015625 0.1515625 0.3546875 0.075
0 0.4609375 0.69765625 0.2 0.0734375
0 0.33203125 0.6421875 0.115625 0.075
0 0.3453125 0.315625 0.3125 0.1078125
0 0.5515625 0.6078125 0.1796875 0.06875
0 0.56953125 0.09609375 0.2328125 0.1078125
0 0.121875 0.74453125 0.24375 0.171875
4 0.6921875 0.23203125 0.328125 0.0640625
4 0.78203125 0.04375 0.23125 0.0578125
0 0.346875 0.14296875 0.24375 0.134375
4 0.80390625 0.0984375 0.271875 0.053125
4 0.78515625 0.15546875 0.184375 0.06875
4 0.8734375 0.228125 0.128125 0.046875
4 0.88046875 0.1671875 0.115625 0.053125
0 0.76328125 0.30546875 0.078125 0.034375
0 0.21796875 0.17578125 0.3078125 0.11875
4 0.76328125 0.234375 0.184375 0.0625
0 0.6265625 0.071875 0.13125 0.06875
0 0.70625 0.2296875 0.190625 0.053125
2 0.2578125 0.540625 0.18125 0.103125
2 0.24296875 0.08046875 0.1640625 0.1
2 0.4375 0.02734375 0.1375 0.0546875
2 0.60859375 0.01875 0.0890625 0.0375
2 0.68828125 0.01484375 0.103125 0.0296875
5 0.55546875 0.028125 0.028125 0.0265625
5 0.125 0.10078125 0.05 0.05
5 0.3265625 0.45078125 0.0390625 0.034375
1 0.653125 0.278125 0.0625 0.046875
5 0.7796875 0.059375 0.0328125 0.0203125
0 0.553125 0.75078125 0.090625 0.04375
0 0.63125 0.66171875 0.05625 0.034375
0 0.59453125 0.6953125 0.065625 0.040625