4 0.75 0.7671875 0.1 0.040625
4 0.7171875 0.8515625 0.109375 0.05
4 0.76171875 0.66875 0.128125 0.0625
4 0.1984375 0.66484375 0.2484375 0.2109375
4 0.83203125 0.728125 0.0828125 0.034375
4 0.753125 0.89140625 0.0984375 0.040625
4 0.69765625 0.725 0.146875 0.075
0 0.2734375 0.12578125 0.1078125 0.0578125
0 0.46796875 0.371875 0.178125 0.071875
0 0.25390625 0.69296875 0.2359375 0.1375
0 0.35390625 0.79140625 0.3 0.096875
4 0.6390625 0.47734375 0.19375 0.121875
0 0.4390625 0.64921875 0.2859375 0.1375
4 0.55546875 0.6578125 0.225 0.103125
4 0.384375 0.47734375 0.25 0.16875
2 0.6421875 0.54921875 0.1234375 0.053125
2 0.609375 0.67890625 0.103125 0.0421875
2 0.79375 0.70390625 0.065625 0.0390625
2 0.76171875 0.78359375 0.0625 0.028125
2 0.071875 0.6296875 0.115625 0.115625
2 0.3109375 0.4375 0.11875 0.1171875
2 0.40234375 0.29296875 0.10625 0.0953125
2 0.20078125 0.30234375 0.2453125 0.1375
5 0.246875 0.2625 0.059375 0.034375
5 0.19609375 0.51171875 0.053125 0.040625
5 0.55703125 0.703125 0.040625 0.021875
0 0.04375 0.1359375 0.0875 0.053125
4 0.13359375 0.18984375 0.265625 0.121875
1 0.125 0.64453125 0.134375 0.134375
1 0.428125 0.33046875 0.0875 0.078125