4 0.6546875 0.303125 0.06875 0.1375
4 0.4734375 0.50546875 0.0921875 0.209375
0 0.25625 0.890625 0.1796875 0.21875
0 0.3625 0.6953125 0.0765625 0.11875
4 0.85703125 0.31640625 0.075 0.325
0 0.39296875 0.47578125 0.06875 0.1796875
4 0.76953125 0.28984375 0.0671875 0.24375
0 0.6828125 0.68125 0.115625 0.309375
0 0.828125 0.81015625 0.1171875 0.315625
0 0.3046875 0.56953125 0.071875 0.20625
4 0.90859375 0.21796875 0.053125 0.265625
0 0.6015625 0.88984375 0.178125 0.21875
0 0.8984375 0.4890625 0.1 0.259375
0 0.6984375 0.2625 0.0328125 0.078125
4 0.83515625 0.15390625 0.0546875 0.134375
0 0.81328125 0.4984375 0.0984375 0.2390625
4 0.77421875 0.159375 0.05 0.15
0 0.84921875 0.6609375 0.1359375 0.21875
4 0.95703125 0.2453125 0.065625 0.2375
4 0.8046875 0.1875 0.05 0.1296875
0 0.3375 0.39609375 0.0328125 0.0625
0 0.30234375 0.434375 0.0390625 0.06875
0 0.24921875 0.48046875 0.046875 0.090625
1 0.725 0.37265625 0.0515625 0.065625
2 0.46015625 0.76640625 0.115625 0.190625
2 0.98125 0.42109375 0.0375 0.09375
2 0.98515625 0.3515625 0.0296875 0.084375
2 0.9734375 0.58984375 0.053125 0.134375
2 0.92109375 0.790625 0.1 0.1625
5 0.903125 0.90078125 0.0578125 0.05
5 0.9734375 0.471875 0.0359375 0.028125
5 0.98359375 0.32734375 0.01875 0.021875
5 0.5515625 0.70234375 0.0421875 0.04375
5 0.93828125 0.25 0.021875 0.028125