4 0.5078125 0.521875 0.109375 0.21875
4 0.27109375 0.2 0.0578125 0.184375
0 0.74140625 0.9125 0.1890625 0.175
0 0.63046875 0.7328125 0.08125 0.121875
0 0.29140625 0.7171875 0.121875 0.328125
0 0.04140625 0.4265625 0.0828125 0.16875
0 0.5984375 0.49921875 0.071875 0.1875
0 0.37578125 0.9109375 0.1859375 0.178125
4 0.21328125 0.3359375 0.0875 0.271875
0 0.1375 0.84296875 0.125 0.3125
0 0.0640625 0.53203125 0.1015625 0.2578125
0 0.69296875 0.59921875 0.075 0.21875
4 0.2078125 0.146875 0.0515625 0.128125
0 0.15625 0.52421875 0.1171875 0.253125
0 0.3203125 0.3359375 0.04375 0.0828125
4 0.16328125 0.16328125 0.0578125 0.153125
4 0.10625 0.28828125 0.08125 0.384375
0 0.11328125 0.7 0.14375 0.225
0 0.28359375 0.28203125 0.0375 0.08125
5 0.0609375 0.953125 0.059375 0.053125
5 0.4296875 0.7453125 0.053125 0.040625
2 0.00859375 0.62734375 0.015625 0.15625
2 0.04921875 0.834375 0.0984375 0.2
2 0.52578125 0.8140625 0.115625 0.196875
1 0.25234375 0.39296875 0.034375 0.06875
1 0.65390625 0.41484375 0.04375 0.0703125