4 0.34453125 0.34453125 0.225 0.1390625
4 0.38359375 0.11640625 0.15625 0.0953125
4 0.3921875 0.79375 0.1828125 0.10625
4 0.7484375 0.03203125 0.21875 0.0640625
4 0.81953125 0.271875 0.240625 0.115625
4 0.078125 0.2328125 0.090625 0.05625
4 0.14453125 0.20390625 0.115625 0.071875
0 0.75234375 0.8203125 0.26875 0.2171875
0 0.5453125 0.5640625 0.3796875 0.1734375
0 0.4578125 0.7671875 0.259375 0.1125
0 0.1390625 0.8421875 0.05 0.0390625
0 0.05859375 0.8140625 0.040625 0.0359375
0 0.05078125 0.43984375 0.0875 0.05625
0 0.5078125 0.396875 0.2265625 0.103125
0 0.80625 0.3109375 0.2734375 0.1375
0 0.640625 0.0421875 0.084375 0.084375
2 0.91953125 0.16953125 0.1609375 0.1265625
0 0.0625 0.2515625 0.0625 0.040625
1 0.98203125 0.33984375 0.034375 0.121875
1 0.33046875 0.30546875 0.071875 0.0671875
1 0.29921875 0.3953125 0.0296875 0.078125
3 0.2203125 0.43203125 0.0953125 0.08125
3 0.25 0.2859375 0.134375 0.096875
3 0.89609375 0.03046875 0.13125 0.0609375
3 0.27890625 0.83515625 0.15 0.0921875
3 0.84453125 0.96484375 0.1171875 0.0703125
3 0.24765625 0.18125 0.09375 0.0328125
5 0.88359375 0.22734375 0.046875 0.040625
5 0.42890625 0.8484375 0.021875 0.01875
5 0.42109375 0.26171875 0.0296875 0.01875