4 0.66015625 0.6421875 0.215625 0.134375
4 0.62265625 0.8625 0.15 0.0921875
4 0.61484375 0.20859375 0.1765625 0.103125
4 0.27109375 0.95625 0.209375 0.0875
4 0.20234375 0.71171875 0.23125 0.1125
4 0.9171875 0.75 0.0875 0.053125
4 0.85234375 0.77734375 0.109375 0.0703125
0 0.2671875 0.1828125 0.2578125 0.209375
0 0.4671875 0.43046875 0.365625 0.16875
0 0.5515625 0.234375 0.25 0.1078125
0 0.8578125 0.1625 0.046875 0.0375
0 0.93515625 0.1890625 0.040625 0.034375
0 0.94375 0.55 0.084375 0.053125
0 0.50234375 0.59140625 0.21875 0.1
0 0.215625 0.675 0.2625 0.1328125
0 0.375 0.946875 0.08125 0.10625
2 0.10234375 0.8109375 0.159375 0.121875
0 0.93125 0.73203125 0.059375 0.040625
1 0.03984375 0.646875 0.04375 0.11875
1 0.6734375 0.6796875 0.06875 0.065625
1 0.70390625 0.59296875 0.028125 0.075
3 0.78046875 0.5578125 0.0921875 0.078125
3 0.7515625 0.6984375 0.128125 0.09375
3 0.12890625 0.9546875 0.1265625 0.078125
3 0.7234375 0.16875 0.14375 0.0875
3 0.17890625 0.04375 0.1125 0.06875
3 0.75390625 0.8 0.090625 0.0328125
5 0.140625 0.75546875 0.04375 0.040625
5 0.57890625 0.15546875 0.021875 0.0171875
5 0.58671875 0.72265625 0.028125 0.0171875