4 0.6375 0.34140625 0.1328125 0.21328125
4 0.8546875 0.37890625 0.090625 0.1484375
4 0.209375 0.38671875 0.1015625 0.17421875
4 0.95234375 0.7265625 0.0953125 0.20859375
4 0.70625 0.79453125 0.1109375 0.22890625
4 0.74375 0.0875 0.053125 0.0859375
4 0.77109375 0.15078125 0.06875 0.109375
0 0.18359375 0.73046875 0.20625 0.25546875
0 0.428125 0.5328125 0.165625 0.36171875
0 0.234375 0.44921875 0.10625 0.24765625
0 0.16328125 0.14609375 0.0375 0.046875
0 0.18984375 0.06875 0.034375 0.0390625
0 0.54609375 0.0609375 0.053125 0.08359375
0 0.5875 0.49765625 0.0984375 0.21640625
0 0.66953125 0.78125 0.13125 0.26015625
0 0.93984375 0.625 0.1078125 0.08046875
2 0.80390625 0.89296875 0.1203125 0.15859375
0 0.72578125 0.07265625 0.0390625 0.06015625
1 0.6421875 0.95546875 0.1171875 0.04453125
1 0.67421875 0.328125 0.0640625 0.06796875
1 0.5890625 0.2984375 0.0734375 0.02890625
3 0.55390625 0.22265625 0.0765625 0.09140625
3 0.69296875 0.2515625 0.0921875 0.12734375
3 0.94609375 0.8671875 0.0765625 0.125
3 0.16953125 0.27890625 0.0875 0.14296875
3 0.04609375 0.81796875 0.0671875 0.11171875
3 0.79296875 0.2484375 0.03125 0.08828125
5 0.74921875 0.85546875 0.0390625 0.04453125
5 0.15703125 0.421875 0.0171875 0.02109375
5 0.71640625 0.4140625 0.0171875 0.02890625