4 0.44765625 0.78671875 0.3 0.171875
4 0.771875 0.190625 0.4 0.20625
4 0.303125 0.2421875 0.2796875 0.090625
4 0.21328125 0.2 0.16875 0.0890625
4 0.121875 0.28515625 0.18125 0.09375
4 0.234375 0.775 0.1390625 0.1015625
4 0.921875 0.4515625 0.15625 0.271875
0 0.37734375 0.6375 0.3 0.103125
0 0.39375 0.3359375 0.278125 0.115625
0 0.38828125 0.21796875 0.2390625 0.090625
0 0.33203125 0.15703125 0.225 0.0625
0 0.7359375 0.57578125 0.35625 0.1640625
2 0.96328125 0.65234375 0.071875 0.1078125
2 0.30078125 0.75703125 0.0875 0.0625
2 0.2265625 0.275 0.08125 0.0375
2 0.87265625 0.12109375 0.190625 0.1
2 0.15625 0.26328125 0.0421875 0.046875
2 0.178125 0.3171875 0.05 0.059375
5 0.28203125 0.2765625 0.03125 0.0234375
5 0.1390625 0.25546875 0.0375 0.025
5 0.76640625 0.1203125 0.071875 0.040625
5 0.21328125 0.78828125 0.040625 0.015625
5 0.4046875 0.759375 0.0421875 0.0296875