4 0.21328125 0.44765625 0.17109375 0.30078125
4 0.809375 0.771875 0.20625 0.39921875
4 0.7578125 0.303125 0.08984375 0.2796875
4 0.8 0.21328125 0.0890625 0.16953125
4 0.71484375 0.121875 0.09296875 0.18125
4 0.225 0.234375 0.10078125 0.1390625
4 0.5484375 0.921875 0.27265625 0.15625
0 0.3625 0.37734375 0.103125 0.30078125
0 0.6640625 0.39375 0.11484375 0.278125
0 0.78203125 0.38828125 0.08984375 0.2390625
0 0.84296875 0.33203125 0.06328125 0.225
0 0.42421875 0.7359375 0.1640625 0.35625
2 0.246875 0.30703125 0.0546875 0.07421875
2 0.7234375 0.23359375 0.03984375 0.07265625
2 0.7390625 0.15703125 0.03984375 0.040625
2 0.878125 0.86171875 0.10234375 0.17890625
2 0.34609375 0.96640625 0.1109375 0.0671875
5 0.88203125 0.76015625 0.0375 0.0859375
5 0.240625 0.40703125 0.025 0.03671875
5 0.71953125 0.27734375 0.03046875 0.0359375
5 0.74140625 0.13828125 0.021875 0.025
2 0.68515625 0.1859375 0.05234375 0.03828125