4 0.43984375 0.8015625 0.31875 0.18125
4 0.78359375 0.16953125 0.4234375 0.21875
4 0.2859375 0.22421875 0.296875 0.0953125
4 0.190625 0.17890625 0.1796875 0.09375
4 0.09453125 0.2703125 0.1890625 0.1
4 0.21328125 0.7890625 0.146875 0.10625
4 0.9296875 0.44609375 0.140625 0.290625
0 0.36484375 0.64375 0.31875 0.109375
0 0.38203125 0.3234375 0.29375 0.121875
0 0.3765625 0.1984375 0.253125 0.0953125
0 0.3171875 0.13359375 0.2390625 0.0671875
0 0.7453125 0.578125 0.378125 0.175
2 0.2859375 0.76640625 0.078125 0.065625
2 0.9703125 0.6625 0.059375 0.125
2 0.88203125 0.10078125 0.1796875 0.1234375
2 0.2 0.259375 0.0828125 0.046875
2 0.1578125 0.3 0.0578125 0.059375
2 0.12734375 0.2484375 0.05625 0.0515625
5 0.1109375 0.24140625 0.03125 0.021875
5 0.19765625 0.8046875 0.0390625 0.021875
5 0.38984375 0.77109375 0.05 0.034375
5 0.77578125 0.09296875 0.0875 0.0453125
5 0.259375 0.2609375 0.0421875 0.028125