4 0.41484375 0.21875 0.328125 0.1875
4 0.76953125 0.86953125 0.4359375 0.225
4 0.25625 0.8125 0.30625 0.0984375
4 0.1578125 0.859375 0.184375 0.096875
4 0.078125 0.76484375 0.15625 0.1015625
4 0.18125 0.23125 0.1515625 0.109375
4 0.9234375 0.584375 0.153125 0.2984375
0 0.3375 0.38125 0.328125 0.1125
0 0.35546875 0.71015625 0.303125 0.125
0 0.34921875 0.8390625 0.2609375 0.0984375
0 0.28828125 0.90625 0.246875 0.0703125
0 0.7296875 0.4484375 0.390625 0.178125
5 0.7640625 0.9484375 0.078125 0.0421875
5 0.07890625 0.796875 0.0390625 0.021875
5 0.23984375 0.7765625 0.03125 0.0234375
5 0.1515625 0.22109375 0.05 0.0265625
5 0.365625 0.25 0.0421875 0.028125
2 0.259375 0.2578125 0.08125 0.078125
2 0.875 0.9421875 0.2140625 0.109375
2 0.96875 0.365625 0.0625 0.1328125
2 0.1734375 0.77734375 0.096875 0.0421875
2 0.11953125 0.73125 0.05625 0.0640625
2 0.09375 0.790625 0.04375 0.0484375