4 0.55859375 0.7875 0.30625 0.175
4 0.2234375 0.1828125 0.40625 0.2109375
4 0.70234375 0.2359375 0.284375 0.090625
4 0.79375 0.1921875 0.171875 0.090625
4 0.88671875 0.2796875 0.184375 0.0953125
4 0.771875 0.7796875 0.140625 0.103125
4 0.075 0.44921875 0.15 0.278125
0 0.6265625 0.6390625 0.30625 0.10625
0 0.609375 0.33125 0.284375 0.1171875
0 0.615625 0.2109375 0.24375 0.0921875
0 0.671875 0.1484375 0.2296875 0.065625
0 0.26015625 0.57578125 0.3640625 0.1671875
2 0.853125 0.25546875 0.0625 0.0484375
2 0.7765625 0.26640625 0.0875 0.04375
2 0.8328125 0.30859375 0.0390625 0.059375
2 0.12265625 0.11796875 0.1875 0.121875
2 0.70390625 0.75859375 0.096875 0.0625
5 0.7984375 0.78203125 0.046875 0.021875
4 0.60390625 0.76484375 0.053125 0.034375
4 0.22734375 0.10546875 0.071875 0.04375
4 0.73203125 0.27578125 0.0515625 0.0359375
4 0.87265625 0.253125 0.034375 0.0265625
2 0.0390625 0.65703125 0.078125 0.1140625