4 0.196875 0.43203125 0.1875 0.328125
4 0.84765625 0.78359375 0.225 0.43125
4 0.790625 0.2734375 0.096875 0.30625
4 0.8375 0.175 0.096875 0.184375
4 0.74453125 0.08671875 0.1015625 0.1734375
4 0.209375 0.1984375 0.109375 0.1515625
4 0.5625 0.93203125 0.2984375 0.1359375
0 0.36015625 0.3546875 0.1125 0.328125
0 0.6890625 0.37265625 0.125 0.303125
0 0.81796875 0.36640625 0.0984375 0.2609375
0 0.884375 0.30546875 0.06875 0.246875
0 0.42734375 0.746875 0.178125 0.390625
5 0.77421875 0.09375 0.025 0.028125
5 0.75078125 0.24921875 0.034375 0.028125
5 0.9265625 0.784375 0.046875 0.084375
5 0.19765625 0.17578125 0.025 0.0359375
5 0.228125 0.384375 0.0234375 0.046875
2 0.234375 0.2703125 0.0625 0.0875
2 0.34140625 0.971875 0.140625 0.05625
2 0.925 0.89296875 0.109375 0.2125
2 0.759375 0.18828125 0.04375 0.0984375
2 0.76875 0.1109375 0.05625 0.046875
2 0.71015625 0.1375 0.0734375 0.05