4 0.21328125 0.44765625 0.17109375 0.30078125
4 0.809375 0.771875 0.20625 0.39921875
4 0.7578125 0.303125 0.08984375 0.2796875
4 0.8 0.21328125 0.0890625 0.16953125
4 0.71484375 0.121875 0.09296875 0.18125
4 0.225 0.234375 0.10078125 0.1390625
4 0.5484375 0.921875 0.27265625 0.15625
0 0.3625 0.37734375 0.103125 0.30078125
0 0.6640625 0.39375 0.11484375 0.278125
0 0.78203125 0.38828125 0.08984375 0.2390625
0 0.84296875 0.33203125 0.06328125 0.225
0 0.42421875 0.7359375 0.1640625 0.35625
5 0.74296875 0.13828125 0.0234375 0.0328125
5 0.88359375 0.7734375 0.03984375 0.07578125
5 0.240625 0.40390625 0.025 0.03828125
5 0.21484375 0.2125 0.0140625 0.04375
2 0.2453125 0.31015625 0.059375 0.07265625
2 0.7265625 0.2265625 0.0359375 0.08828125
2 0.7375 0.15546875 0.046875 0.05390625
2 0.68671875 0.1828125 0.05625 0.03984375
2 0.87890625 0.8671875 0.10625 0.18671875
2 0.353125 0.96328125 0.115625 0.07265625
5 0.72265625 0.284375 0.0265625 0.03671875