4 0.21328125 0.44765625 0.17109375 0.30078125
4 0.809375 0.771875 0.20625 0.39921875
4 0.7578125 0.303125 0.08984375 0.2796875
4 0.8 0.21328125 0.0890625 0.16953125
4 0.71484375 0.121875 0.09296875 0.18125
4 0.225 0.234375 0.10078125 0.1390625
4 0.5484375 0.921875 0.27265625 0.15625
0 0.3625 0.37734375 0.103125 0.30078125
0 0.6640625 0.39375 0.11484375 0.278125
0 0.78203125 0.38828125 0.08984375 0.2390625
0 0.84296875 0.33203125 0.06328125 0.225
0 0.42421875 0.7359375 0.1640625 0.35625
2 0.6875 0.1796875 0.05546875 0.053125
2 0.73359375 0.1546875 0.05234375 0.04765625
2 0.87421875 0.87578125 0.1109375 0.209375
2 0.35 0.95703125 0.109375 0.0859375
2 0.2390625 0.29921875 0.07109375 0.07265625
5 0.225 0.21328125 0.02109375 0.03671875
5 0.240625 0.39921875 0.028125 0.053125
5 0.88359375 0.76953125 0.04375 0.0796875
5 0.72265625 0.27578125 0.02734375 0.04921875