4 0.21328125 0.44765625 0.17109375 0.30078125
4 0.809375 0.771875 0.20625 0.39921875
4 0.7578125 0.303125 0.08984375 0.2796875
4 0.8 0.21328125 0.0890625 0.16953125
4 0.71484375 0.121875 0.09296875 0.18125
4 0.225 0.234375 0.10078125 0.1390625
4 0.5484375 0.921875 0.27265625 0.15625
0 0.3625 0.37734375 0.103125 0.30078125
0 0.6640625 0.39375 0.11484375 0.278125
0 0.78203125 0.38828125 0.08984375 0.2390625
0 0.84296875 0.33203125 0.06328125 0.225
0 0.42421875 0.7359375 0.1640625 0.35625
2 0.246875 0.303125 0.0609375 0.07421875
2 0.3453125 0.96015625 0.1171875 0.0796875
2 0.87421875 0.86484375 0.11640625 0.16953125
2 0.725 0.221875 0.04453125 0.078125
2 0.68671875 0.18203125 0.05625 0.05390625
2 0.734375 0.153125 0.0484375 0.053125
5 0.74140625 0.1375 0.021875 0.02890625
5 0.2109375 0.21953125 0.0203125 0.03671875
5 0.2421875 0.40078125 0.03203125 0.04765625
5 0.88125 0.76484375 0.0421875 0.08203125
5 0.7234375 0.278125 0.0265625 0.03984375