4 0.21328125 0.44765625 0.17109375 0.30078125
4 0.809375 0.771875 0.20625 0.39921875
4 0.7578125 0.303125 0.08984375 0.2796875
4 0.8 0.21328125 0.0890625 0.16953125
4 0.71484375 0.121875 0.09296875 0.18125
4 0.225 0.234375 0.10078125 0.1390625
4 0.5484375 0.921875 0.27265625 0.15625
0 0.3625 0.37734375 0.103125 0.30078125
0 0.6640625 0.39375 0.11484375 0.278125
0 0.78203125 0.38828125 0.08984375 0.2390625
0 0.84296875 0.33203125 0.06328125 0.225
0 0.42421875 0.7359375 0.1640625 0.35625
5 0.7421875 0.1390625 0.0234375 0.0265625
5 0.72109375 0.28046875 0.03125 0.0265625
5 0.88203125 0.7703125 0.04375 0.078125
5 0.2140625 0.21328125 0.02265625 0.0328125
5 0.2421875 0.40390625 0.021875 0.04375
2 0.2484375 0.3 0.05703125 0.0796875
2 0.3453125 0.9578125 0.128125 0.084375
2 0.88046875 0.8703125 0.1 0.19609375
2 0.728125 0.225 0.03984375 0.08984375
2 0.7375 0.15390625 0.05234375 0.04375
2 0.68359375 0.17890625 0.0671875 0.0453125