4 0.55234375 0.21875 0.3125 0.178125
4 0.215625 0.8375 0.4140625 0.2140625
4 0.703125 0.78359375 0.290625 0.09375
4 0.79609375 0.828125 0.175 0.0921875
4 0.890625 0.7390625 0.1875 0.096875
4 0.77421875 0.23125 0.14375 0.1046875
4 0.07109375 0.565625 0.1421875 0.284375
0 0.62578125 0.3734375 0.3125 0.10625
0 0.60859375 0.68671875 0.2875 0.11875
0 0.6140625 0.80859375 0.2484375 0.09375
0 0.671875 0.87265625 0.234375 0.065625
0 0.253125 0.4375 0.3703125 0.1703125
5 0.8734375 0.76796875 0.028125 0.025
5 0.72578125 0.7453125 0.028125 0.0328125
5 0.2171875 0.9125 0.08125 0.0453125
5 0.7953125 0.21953125 0.034375 0.0234375
5 0.59765625 0.2484375 0.0453125 0.021875
2 0.70546875 0.2546875 0.08125 0.059375
2 0.0328125 0.35625 0.065625 0.134375
2 0.11328125 0.9109375 0.203125 0.103125
2 0.78359375 0.753125 0.09375 0.040625
2 0.85703125 0.7625 0.0453125 0.0546875
2 0.83203125 0.70703125 0.046875 0.06875