4 0.21328125 0.44765625 0.17109375 0.30078125
4 0.809375 0.771875 0.20625 0.39921875
4 0.7578125 0.303125 0.08984375 0.2796875
4 0.8 0.21328125 0.0890625 0.16953125
4 0.71484375 0.121875 0.09296875 0.18125
4 0.225 0.234375 0.10078125 0.1390625
4 0.5484375 0.921875 0.27265625 0.15625
0 0.3625 0.37734375 0.103125 0.30078125
0 0.6640625 0.39375 0.11484375 0.278125
0 0.78203125 0.38828125 0.08984375 0.2390625
0 0.84296875 0.33203125 0.06328125 0.225
0 0.42421875 0.7359375 0.1640625 0.35625
2 0.24609375 0.29921875 0.05703125 0.05859375
2 0.3421875 0.96171875 0.1171875 0.07578125
2 0.8703125 0.8609375 0.10859375 0.18515625
2 0.72890625 0.2296875 0.040625 0.09140625
2 0.73984375 0.15078125 0.05078125 0.0453125
2 0.68671875 0.17421875 0.05703125 0.04765625
5 0.721875 0.27890625 0.0265625 0.034375
5 0.240625 0.4015625 0.025 0.04375
5 0.2171875 0.21015625 0.01484375 0.03671875
5 0.8796875 0.76484375 0.0484375 0.0671875
5 0.74375 0.13984375 0.01875 0.028125