4 0.459375 0.17265625 0.3171875 0.18125
4 0.7953125 0.80078125 0.409375 0.21875
4 0.30625 0.74609375 0.2953125 0.09375
4 0.21171875 0.79140625 0.178125 0.09375
4 0.115625 0.7015625 0.190625 0.0984375
4 0.234375 0.18515625 0.146875 0.10625
4 0.93828125 0.52578125 0.1234375 0.2875
0 0.38515625 0.3296875 0.3171875 0.109375
0 0.40234375 0.64765625 0.29375 0.121875
0 0.396875 0.771875 0.2515625 0.0953125
0 0.3375 0.83671875 0.2375 0.0671875
0 0.7640625 0.3953125 0.375 0.1734375
2 0.3109375 0.2078125 0.078125 0.05625
2 0.23359375 0.71015625 0.0765625 0.0421875
2 0.15234375 0.7265625 0.04375 0.0421875
2 0.89609375 0.8734375 0.1875 0.109375
2 0.98515625 0.3125 0.0296875 0.1171875
5 0.7890625 0.87734375 0.090625 0.0390625
5 0.4171875 0.20078125 0.0390625 0.0265625
5 0.2796875 0.70703125 0.0375 0.03125
5 0.1328125 0.7296875 0.0265625 0.0234375
2 0.18359375 0.6703125 0.040625 0.0546875