4 0.21328125 0.44765625 0.17109375 0.30078125
4 0.809375 0.771875 0.20625 0.39921875
4 0.7578125 0.303125 0.08984375 0.2796875
4 0.8 0.21328125 0.0890625 0.16953125
4 0.71484375 0.121875 0.09296875 0.18125
4 0.225 0.234375 0.10078125 0.1390625
4 0.5484375 0.921875 0.27265625 0.15625
0 0.3625 0.37734375 0.103125 0.30078125
0 0.6640625 0.39375 0.11484375 0.278125
0 0.78203125 0.38828125 0.08984375 0.2390625
0 0.84296875 0.33203125 0.06328125 0.225
0 0.42421875 0.7359375 0.1640625 0.35625
2 0.34765625 0.96640625 0.13203125 0.0671875
2 0.875 0.85546875 0.1078125 0.16953125
2 0.72578125 0.23046875 0.04453125 0.096875
2 0.73984375 0.15703125 0.04765625 0.040625
2 0.68125 0.18046875 0.0625 0.04375
2 0.24375 0.3015625 0.0515625 0.084375
5 0.215625 0.2125 0.02109375 0.04375
5 0.2390625 0.40390625 0.02421875 0.04375
5 0.7203125 0.27578125 0.03046875 0.04375
5 0.88203125 0.76953125 0.03671875 0.07421875
5 0.74609375 0.1421875 0.0234375 0.0328125