4 0.5640625 0.80390625 0.3125 0.178125
4 0.2265625 0.18515625 0.4140625 0.2140625
4 0.7140625 0.2390625 0.290625 0.09375
4 0.8078125 0.19453125 0.175 0.0921875
4 0.90234375 0.28359375 0.1875 0.096875
4 0.7859375 0.79140625 0.14375 0.1046875
4 0.0765625 0.45625 0.153125 0.284375
0 0.63671875 0.64921875 0.3125 0.10625
0 0.6203125 0.3359375 0.2875 0.11875
0 0.62578125 0.2140625 0.2484375 0.09375
0 0.68359375 0.15 0.234375 0.065625
0 0.2640625 0.58515625 0.3703125 0.1703125
2 0.8421875 0.3125 0.0546875 0.0578125
2 0.86796875 0.2640625 0.05 0.053125
2 0.11953125 0.11875 0.2171875 0.115625
2 0.03984375 0.6625 0.0796875 0.1125
2 0.71796875 0.77734375 0.075 0.075
5 0.8078125 0.7921875 0.0375 0.021875
5 0.6140625 0.77578125 0.0546875 0.0296875
5 0.2296875 0.10859375 0.08125 0.0453125
5 0.7421875 0.275 0.05 0.028125