4 0.440625 0.7765625 0.3109375 0.1765625
4 0.78046875 0.16484375 0.4125 0.2125
4 0.2953125 0.21875 0.2890625 0.0921875
4 0.20234375 0.17421875 0.175 0.0921875
4 0.10859375 0.2625 0.1875 0.096875
4 0.225 0.76796875 0.14375 0.1046875
4 0.9265625 0.434375 0.146875 0.28125
0 0.37265625 0.62578125 0.3109375 0.10625
0 0.3890625 0.31484375 0.2875 0.11875
0 0.38359375 0.19296875 0.246875 0.09375
0 0.32578125 0.13046875 0.23125 0.065625
0 0.74296875 0.5625 0.36875 0.16875
2 0.14296875 0.23828125 0.0625 0.05
2 0.2203125 0.25 0.0875 0.0453125
2 0.1640625 0.2921875 0.040625 0.0609375
2 0.88125 0.1 0.1875 0.121875
2 0.29375 0.746875 0.096875 0.0625
5 0.19765625 0.77109375 0.046875 0.021875
4 0.3953125 0.753125 0.0546875 0.034375
4 0.77578125 0.08671875 0.071875 0.04375
4 0.265625 0.25859375 0.0515625 0.0359375
4 0.1234375 0.2359375 0.034375 0.0265625
2 0.96328125 0.64375 0.0734375 0.115625