4 0.52890625 0.790625 0.3328125 0.1890625
4 0.19609375 0.1328125 0.3921875 0.228125
4 0.68984375 0.18984375 0.309375 0.1
4 0.7890625 0.1421875 0.1875 0.0984375
4 0.88984375 0.23671875 0.2 0.103125
4 0.765625 0.77734375 0.153125 0.1109375
4 0.04609375 0.42109375 0.0921875 0.3015625
0 0.60703125 0.62578125 0.3328125 0.1140625
0 0.5890625 0.29296875 0.30625 0.1265625
0 0.5953125 0.1625 0.2640625 0.1
0 0.65703125 0.0953125 0.25 0.0703125
0 0.21015625 0.5578125 0.39375 0.18125
2 0.82578125 0.2671875 0.059375 0.0625
2 0.853125 0.215625 0.053125 0.0578125
2 0.0859375 0.06171875 0.171875 0.1234375
2 0.69296875 0.7625 0.08125 0.0796875
5 0.7890625 0.778125 0.040625 0.021875
5 0.5828125 0.7609375 0.059375 0.03125
5 0.17265625 0.05 0.0875 0.0484375
5 0.71953125 0.228125 0.053125 0.03125