4 0.54140625 0.81953125 0.3234375 0.184375
4 0.20390625 0.18046875 0.4078125 0.221875
4 0.696875 0.2359375 0.3 0.096875
4 0.79296875 0.18984375 0.18125 0.0953125
4 0.89140625 0.28203125 0.19375 0.1
4 0.7703125 0.80703125 0.15 0.1078125
4 0.05859375 0.4609375 0.1171875 0.29375
0 0.6171875 0.659375 0.3234375 0.1109375
0 0.59921875 0.3359375 0.2984375 0.121875
0 0.60546875 0.21015625 0.25625 0.096875
0 0.66484375 0.14375 0.240625 0.06875
0 0.23125 0.59296875 0.3828125 0.175
5 0.5875 0.7890625 0.034375 0.03125
5 0.72421875 0.2734375 0.040625 0.0265625
2 0.8296875 0.3140625 0.05 0.0609375
2 0.8546875 0.2546875 0.046875 0.04375
2 0.09609375 0.10859375 0.1921875 0.1203125
5 0.19921875 0.10390625 0.084375 0.04375
2 0.0203125 0.67578125 0.040625 0.1328125
2 0.69140625 0.7828125 0.0953125 0.0609375
2 0.7828125 0.2671875 0.10625 0.05625