4 0.8078125 0.43046875 0.184375 0.325
4 0.16484375 0.78125 0.221875 0.43125
4 0.22109375 0.27421875 0.096875 0.303125
4 0.175 0.17734375 0.096875 0.1828125
4 0.2671875 0.08828125 0.1 0.175
4 0.7953125 0.2 0.109375 0.15
4 0.446875 0.92890625 0.29375 0.1421875
0 0.646875 0.3546875 0.1109375 0.325
0 0.321875 0.371875 0.1234375 0.3
0 0.19453125 0.365625 0.096875 0.2578125
0 0.12890625 0.30625 0.06875 0.24375
0 0.58046875 0.7421875 0.178125 0.384375
5 0.77734375 0.384375 0.03125 0.034375
5 0.25859375 0.24609375 0.0265625 0.040625
2 0.3 0.140625 0.0609375 0.05
2 0.23984375 0.11484375 0.0453125 0.046875
2 0.0921875 0.88984375 0.121875 0.2140625
5 0.08828125 0.775 0.04375 0.084375
2 0.6625 0.9671875 0.1328125 0.065625
2 0.77109375 0.27890625 0.0609375 0.096875
2 0.25234375 0.1875 0.05625 0.10625