4 0.78828125 0.4453125 0.171875 0.303125
4 0.1890625 0.771875 0.20625 0.4015625
4 0.24140625 0.3 0.090625 0.28125
4 0.1984375 0.209375 0.090625 0.1703125
4 0.284375 0.11796875 0.09375 0.1828125
4 0.7765625 0.23125 0.1 0.140625
4 0.4515625 0.921875 0.275 0.15625
0 0.63828125 0.375 0.103125 0.303125
0 0.33515625 0.39140625 0.115625 0.2796875
0 0.21640625 0.38515625 0.090625 0.240625
0 0.1546875 0.3296875 0.0640625 0.2265625
0 0.57578125 0.7359375 0.165625 0.359375
2 0.7546875 0.3 0.0625 0.075
2 0.65546875 0.96015625 0.11875 0.078125
2 0.1234375 0.865625 0.115625 0.1703125
2 0.27421875 0.21796875 0.04375 0.078125
2 0.3125 0.178125 0.05625 0.0546875
2 0.2640625 0.15 0.0484375 0.053125
5 0.25703125 0.13359375 0.021875 0.028125
5 0.790625 0.21640625 0.0203125 0.0375
5 0.759375 0.3984375 0.03125 0.046875
5 0.11640625 0.7640625 0.04375 0.0828125
5 0.27578125 0.275 0.0265625 0.040625