4 0.2171875 0.44375 0.17109375 0.30078125
4 0.809375 0.771875 0.20625 0.39921875
4 0.7578125 0.303125 0.08984375 0.2796875
4 0.8 0.21328125 0.0890625 0.16953125
4 0.71484375 0.121875 0.09296875 0.18125
4 0.225 0.234375 0.10078125 0.1390625
4 0.5484375 0.921875 0.27265625 0.15625
0 0.3625 0.37734375 0.103125 0.30078125
0 0.6640625 0.39375 0.11484375 0.278125
0 0.78203125 0.38828125 0.08984375 0.2390625
0 0.84296875 0.33203125 0.06328125 0.225
0 0.42421875 0.7359375 0.1640625 0.35625
2 0.73828125 0.1546875 0.04765625 0.0609375
2 0.72734375 0.23046875 0.04375 0.084375
2 0.68671875 0.175 0.05859375 0.03828125
2 0.87265625 0.8703125 0.11875 0.1828125
2 0.2453125 0.30078125 0.0609375 0.09375
5 0.22265625 0.20859375 0.02109375 0.04609375
4 0.23984375 0.39921875 0.03359375 0.053125
4 0.88515625 0.76796875 0.0421875 0.0703125
4 0.71875 0.2734375 0.03515625 0.05
4 0.740625 0.1359375 0.02578125 0.034375
2 0.3453125 0.95703125 0.1125 0.0859375