4 0.45390625 0.784375 0.309375 0.1765625
4 0.78671875 0.17265625 0.409375 0.2125
4 0.30546875 0.22578125 0.2875 0.0921875
4 0.21328125 0.18203125 0.175 0.090625
4 0.11953125 0.26953125 0.1859375 0.096875
4 0.23515625 0.77265625 0.14375 0.103125
4 0.9296875 0.44140625 0.140625 0.2796875
0 0.38203125 0.63125 0.309375 0.10625
0 0.3984375 0.321875 0.284375 0.11875
0 0.39296875 0.20078125 0.2453125 0.0921875
0 0.3359375 0.13828125 0.23125 0.065625
0 0.75 0.56796875 0.365625 0.16875
5 0.13515625 0.240625 0.034375 0.03125
5 0.284375 0.26328125 0.0421875 0.03125
5 0.78125 0.1 0.0859375 0.0484375
5 0.21328125 0.7796875 0.04375 0.0171875
5 0.40625 0.7546875 0.03125 0.01875
2 0.96796875 0.64921875 0.0640625 0.1234375
2 0.22734375 0.25625 0.090625 0.05
2 0.88671875 0.1046875 0.1765625 0.1125
2 0.30234375 0.75234375 0.0921875 0.05625
2 0.1796875 0.30078125 0.053125 0.059375
2 0.1484375 0.246875 0.046875 0.0515625