4 0.44453125 0.209375 0.3046875 0.171875
4 0.77265625 0.81171875 0.403125 0.209375
4 0.29765625 0.759375 0.2828125 0.090625
4 0.20703125 0.80234375 0.171875 0.090625
4 0.11484375 0.71640625 0.184375 0.0953125
4 0.228125 0.22109375 0.140625 0.1015625
4 0.921875 0.546875 0.15625 0.275
0 0.3734375 0.36015625 0.3046875 0.103125
0 0.38984375 0.66484375 0.28125 0.115625
0 0.38359375 0.78359375 0.240625 0.0921875
0 0.32734375 0.84609375 0.228125 0.0640625
0 0.7359375 0.42265625 0.359375 0.165625
5 0.7671875 0.884375 0.071875 0.0390625
5 0.134375 0.74453125 0.0359375 0.0203125
5 0.2828125 0.72578125 0.028125 0.021875
5 0.20078125 0.21171875 0.046875 0.025
5 0.39921875 0.2390625 0.0390625 0.028125
2 0.30078125 0.2453125 0.075 0.071875
2 0.8703125 0.8796875 0.196875 0.103125
2 0.9640625 0.3453125 0.071875 0.121875
2 0.22109375 0.7265625 0.090625 0.0375
2 0.17109375 0.68359375 0.053125 0.059375
2 0.14765625 0.7390625 0.040625 0.046875