4 0.21328125 0.44765625 0.17109375 0.30078125
4 0.809375 0.771875 0.20625 0.39921875
4 0.7578125 0.303125 0.08984375 0.2796875
4 0.8 0.21328125 0.0890625 0.16953125
4 0.71484375 0.121875 0.09296875 0.18125
4 0.225 0.234375 0.10078125 0.1390625
4 0.5484375 0.921875 0.27265625 0.15625
0 0.3625 0.37734375 0.103125 0.30078125
0 0.6640625 0.39375 0.11484375 0.278125
0 0.78203125 0.38828125 0.08984375 0.2390625
0 0.84296875 0.33203125 0.06328125 0.225
0 0.42421875 0.7359375 0.1640625 0.35625
5 0.88203125 0.7671875 0.0390625 0.07109375
5 0.74296875 0.140625 0.0203125 0.0359375
5 0.72421875 0.2875 0.021875 0.028125
5 0.21640625 0.20703125 0.02421875 0.04609375
5 0.2421875 0.403125 0.0265625 0.03828125
2 0.24921875 0.30546875 0.07109375 0.07421875
2 0.8765625 0.86875 0.1015625 0.19609375
2 0.3484375 0.96328125 0.12109375 0.07265625
2 0.725 0.2265625 0.03828125 0.08828125
2 0.6828125 0.178125 0.0578125 0.0515625
2 0.7375 0.15390625 0.0453125 0.040625