4 0.45 0.78828125 0.3140625 0.178125
4 0.7890625 0.16640625 0.4171875 0.215625
4 0.29921875 0.2203125 0.2921875 0.09375
4 0.2046875 0.17578125 0.178125 0.09375
4 0.11015625 0.26484375 0.190625 0.096875
4 0.22734375 0.77578125 0.1453125 0.1046875
4 0.93125 0.4390625 0.1375 0.284375
0 0.3765625 0.63203125 0.3140625 0.1078125
0 0.39375 0.31796875 0.290625 0.11875
0 0.3875 0.19453125 0.25 0.09375
0 0.3296875 0.13125 0.234375 0.065625
0 0.7515625 0.56796875 0.371875 0.171875
5 0.40390625 0.75859375 0.0390625 0.021875
5 0.1984375 0.7828125 0.04375 0.021875
5 0.28046875 0.25546875 0.0375 0.028125
2 0.16875 0.29765625 0.053125 0.05625
2 0.2234375 0.24921875 0.0875 0.046875
2 0.1828125 0.209375 0.078125 0.034375
2 0.1421875 0.24140625 0.05625 0.05
2 0.890625 0.0984375 0.19375 0.115625
2 0.9734375 0.64921875 0.053125 0.128125
2 0.3 0.7609375 0.096875 0.0625
5 0.78984375 0.08828125 0.08125 0.040625