4 0.85703125 0.44375 0.1875 0.328125
4 0.20625 0.78984375 0.225 0.4203125
4 0.26328125 0.28515625 0.096875 0.30625
4 0.21640625 0.1875 0.096875 0.184375
4 0.309375 0.09296875 0.1015625 0.1859375
4 0.84453125 0.21015625 0.109375 0.1515625
4 0.49140625 0.93828125 0.2984375 0.1234375
0 0.69453125 0.3671875 0.1125 0.328125
0 0.36484375 0.384375 0.125 0.303125
0 0.23671875 0.37890625 0.0984375 0.2609375
0 0.16953125 0.31796875 0.06875 0.246875
0 0.6265625 0.759375 0.178125 0.390625
2 0.29765625 0.2015625 0.053125 0.0984375
2 0.28828125 0.1140625 0.0625 0.065625
2 0.1359375 0.90546875 0.13125 0.1890625
2 0.82578125 0.28359375 0.065625 0.103125
2 0.71171875 0.9828125 0.1265625 0.034375
5 0.825 0.39609375 0.0296875 0.0390625
5 0.85390625 0.1921875 0.025 0.0421875
5 0.30234375 0.2671875 0.0328125 0.028125
2 0.34453125 0.15625 0.05 0.05
5 0.27890625 0.10546875 0.03125 0.04375