4 0.4125 0.159375 0.3328125 0.1890625
4 0.771875 0.81796875 0.440625 0.228125
4 0.25234375 0.76015625 0.309375 0.1
4 0.15234375 0.8078125 0.1875 0.0984375
4 0.07578125 0.71328125 0.1515625 0.103125
4 0.1765625 0.17265625 0.153125 0.1109375
4 0.925 0.5296875 0.15 0.3015625
0 0.334375 0.32421875 0.3328125 0.1140625
0 0.35234375 0.65703125 0.30625 0.1265625
0 0.34609375 0.7875 0.2640625 0.1
0 0.28515625 0.8546875 0.25 0.0703125
0 0.73125 0.3921875 0.39375 0.18125
2 0.24765625 0.1953125 0.0640625 0.0625
2 0.96953125 0.3015625 0.059375 0.1296875
2 0.86953125 0.88515625 0.2046875 0.1203125
2 0.17109375 0.72890625 0.1 0.0453125
2 0.08359375 0.740625 0.05 0.05625
2 0.11015625 0.68203125 0.053125 0.0625
5 0.22578125 0.72109375 0.0375 0.0296875
5 0.3609375 0.1890625 0.0484375 0.028125
5 0.15 0.16328125 0.040625 0.015625
5 0.7640625 0.8953125 0.075 0.053125
5 0.07109375 0.7453125 0.03125 0.0203125