4 0.83203125 0.40234375 0.1890625 0.3328125
4 0.1734375 0.7609375 0.228125 0.440625
4 0.23125 0.2421875 0.1 0.309375
4 0.18359375 0.1421875 0.0984375 0.1875
4 0.278125 0.0703125 0.103125 0.140625
4 0.81875 0.165625 0.1109375 0.153125
4 0.46171875 0.91953125 0.3015625 0.1609375
0 0.6671875 0.32421875 0.1140625 0.3328125
0 0.334375 0.3421875 0.1265625 0.30625
0 0.20390625 0.3359375 0.1 0.2640625
0 0.13671875 0.27421875 0.0703125 0.25
0 0.59921875 0.72109375 0.18125 0.39375
2 0.25390625 0.0765625 0.05625 0.04375
2 0.3109375 0.10546875 0.0640625 0.046875
2 0.2640625 0.1671875 0.0515625 0.096875
2 0.10234375 0.86953125 0.128125 0.1890625
2 0.79609375 0.23984375 0.06875 0.1
5 0.825 0.13984375 0.0203125 0.053125
5 0.8015625 0.35078125 0.021875 0.053125
2 0.69375 0.9578125 0.134375 0.084375