4 0.21328125 0.44765625 0.17109375 0.30078125
4 0.809375 0.771875 0.20625 0.39921875
4 0.7578125 0.303125 0.08984375 0.2796875
4 0.8 0.21328125 0.0890625 0.16953125
4 0.71484375 0.121875 0.09296875 0.18125
4 0.225 0.234375 0.10078125 0.1390625
4 0.5484375 0.921875 0.27265625 0.15625
0 0.3625 0.37734375 0.103125 0.30078125
0 0.6640625 0.39375 0.11484375 0.278125
0 0.78203125 0.38828125 0.08984375 0.2390625
0 0.84296875 0.33203125 0.06328125 0.225
0 0.42421875 0.7359375 0.1640625 0.35625
2 0.7265625 0.2265625 0.04921875 0.08984375
2 0.734375 0.14609375 0.05625 0.059375
2 0.875 0.8859375 0.11875 0.20390625
2 0.2421875 0.30078125 0.06015625 0.09375
2 0.346875 0.9625 0.115625 0.075
5 0.24296875 0.40390625 0.02734375 0.0359375
5 0.21640625 0.21796875 0.02265625 0.03828125
5 0.721875 0.28671875 0.0296875 0.025
2 0.6828125 0.184375 0.0453125 0.04609375
5 0.74296875 0.13828125 0.02890625 0.040625