4 0.45 0.20703125 0.3046875 0.171875
4 0.778125 0.809375 0.403125 0.209375
4 0.303125 0.75703125 0.2828125 0.090625
4 0.2125 0.8 0.171875 0.090625
4 0.1203125 0.7140625 0.184375 0.0953125
4 0.234375 0.21953125 0.140625 0.1015625
4 0.925 0.54609375 0.15 0.275
0 0.37890625 0.3578125 0.3046875 0.103125
0 0.3953125 0.6625 0.28125 0.115625
0 0.38984375 0.78203125 0.240625 0.0921875
0 0.33359375 0.84375 0.228125 0.0640625
0 0.74140625 0.4203125 0.359375 0.165625
2 0.96953125 0.34296875 0.0609375 0.1328125
2 0.8625 0.87578125 0.171875 0.109375
2 0.23046875 0.725 0.096875 0.0453125
2 0.15546875 0.7390625 0.040625 0.0484375
2 0.1796875 0.68046875 0.04375 0.0625
2 0.30234375 0.2375 0.0859375 0.0515625
5 0.21171875 0.209375 0.04375 0.021875
5 0.40546875 0.23359375 0.04375 0.025
5 0.27578125 0.71953125 0.04375 0.03125
5 0.77578125 0.8828125 0.075 0.0375
5 0.140625 0.74609375 0.034375 0.025