4 0.52890625 0.80625 0.3171875 0.18125
4 0.19921875 0.178125 0.3984375 0.21875
4 0.68125 0.23203125 0.2953125 0.09375
4 0.7765625 0.18671875 0.178125 0.09375
4 0.87265625 0.27734375 0.190625 0.0984375
4 0.75390625 0.79375 0.146875 0.10625
4 0.05546875 0.453125 0.1109375 0.2875
0 0.603125 0.6484375 0.3171875 0.109375
0 0.5859375 0.33046875 0.29375 0.121875
0 0.5921875 0.20625 0.2515625 0.0953125
0 0.65 0.14140625 0.2375 0.0671875
0 0.225 0.58359375 0.375 0.1734375
2 0.00859375 0.66484375 0.0171875 0.1390625
2 0.0984375 0.1078125 0.178125 0.1140625
2 0.7578125 0.265625 0.1015625 0.046875
2 0.8359375 0.25078125 0.04375 0.05
2 0.8109375 0.3125 0.046875 0.065625
2 0.6828125 0.77421875 0.0890625 0.0546875
5 0.77734375 0.80390625 0.046875 0.021875
5 0.575 0.77890625 0.046875 0.025
5 0.71015625 0.27109375 0.046875 0.03125
5 0.1890625 0.10078125 0.078125 0.0375
5 0.85078125 0.24375 0.034375 0.025