4 0.21328125 0.44765625 0.17109375 0.30078125
4 0.809375 0.771875 0.20625 0.39921875
4 0.7578125 0.303125 0.08984375 0.2796875
4 0.8 0.21328125 0.0890625 0.16953125
4 0.71484375 0.121875 0.09296875 0.18125
4 0.225 0.234375 0.10078125 0.1390625
4 0.5484375 0.921875 0.27265625 0.15625
0 0.3625 0.37734375 0.103125 0.30078125
0 0.6640625 0.39375 0.11484375 0.278125
0 0.78203125 0.38828125 0.08984375 0.2390625
0 0.84296875 0.33203125 0.06328125 0.225
0 0.42421875 0.7359375 0.1640625 0.35625
2 0.34765625 0.96328125 0.10859375 0.07265625
2 0.24296875 0.30078125 0.06328125 0.08828125
2 0.725 0.2265625 0.0375 0.08046875
2 0.87890625 0.87265625 0.1 0.19140625
2 0.73671875 0.15625 0.046875 0.0421875
2 0.6828125 0.178125 0.06015625 0.04921875
5 0.7234375 0.28203125 0.0234375 0.03203125
5 0.74453125 0.1390625 0.02578125 0.03671875
5 0.8796875 0.76640625 0.040625 0.07265625
5 0.21171875 0.21328125 0.01640625 0.040625
5 0.240625 0.4046875 0.0296875 0.0421875