4 0.428125 0.809375 0.3125 0.178125
4 0.765625 0.19140625 0.4140625 0.2140625
4 0.278125 0.2453125 0.290625 0.09375
4 0.184375 0.20078125 0.175 0.0921875
4 0.0921875 0.28984375 0.184375 0.096875
4 0.20703125 0.79765625 0.14375 0.1046875
4 0.91953125 0.4625 0.1609375 0.284375
0 0.35546875 0.6546875 0.3125 0.10625
0 0.371875 0.3421875 0.2875 0.11875
0 0.36640625 0.21953125 0.2484375 0.09375
0 0.30859375 0.15625 0.234375 0.065625
0 0.728125 0.590625 0.3703125 0.1703125
5 0.38203125 0.78046875 0.0375 0.021875
5 0.178125 0.8046875 0.04375 0.021875
5 0.259375 0.2796875 0.0375 0.028125
2 0.1484375 0.321875 0.053125 0.05625
2 0.203125 0.2734375 0.0875 0.046875
2 0.1625 0.234375 0.0765625 0.034375
2 0.121875 0.26640625 0.05625 0.05
2 0.86640625 0.12421875 0.19375 0.1140625
2 0.9609375 0.671875 0.078125 0.128125
2 0.2796875 0.7828125 0.096875 0.0625
5 0.76640625 0.11328125 0.08125 0.040625