4 0.55078125 0.18671875 0.3125 0.178125
4 0.21328125 0.8046875 0.4140625 0.2140625
4 0.70078125 0.75078125 0.290625 0.09375
4 0.79453125 0.7953125 0.175 0.0921875
4 0.8890625 0.70703125 0.1875 0.096875
4 0.771875 0.1984375 0.14375 0.1046875
4 0.06953125 0.534375 0.1390625 0.284375
0 0.6234375 0.34140625 0.3125 0.10625
0 0.60703125 0.65390625 0.2875 0.11875
0 0.6125 0.7765625 0.2484375 0.09375
0 0.6703125 0.83984375 0.234375 0.065625
0 0.25078125 0.40546875 0.3703125 0.1703125
5 0.871875 0.7359375 0.034375 0.025
5 0.2125 0.88203125 0.078125 0.0421875
5 0.59609375 0.2140625 0.040625 0.0265625
5 0.79453125 0.1875 0.0453125 0.015625
2 0.69296875 0.21953125 0.075 0.0625
2 0.7796875 0.71875 0.0921875 0.0375
2 0.85390625 0.73046875 0.05625 0.0484375
2 0.82578125 0.67734375 0.040625 0.059375
2 0.11484375 0.87734375 0.19375 0.109375
2 0.0265625 0.33125 0.053125 0.11875
5 0.7203125 0.71484375 0.0375 0.028125