4 0.21328125 0.44765625 0.17109375 0.30078125
4 0.809375 0.771875 0.20625 0.39921875
4 0.7578125 0.303125 0.08984375 0.2796875
4 0.8 0.21328125 0.0890625 0.16953125
4 0.71484375 0.121875 0.09296875 0.18125
4 0.225 0.234375 0.10078125 0.1390625
4 0.5484375 0.921875 0.27265625 0.15625
0 0.3625 0.37734375 0.103125 0.30078125
0 0.6640625 0.39375 0.11484375 0.278125
0 0.78203125 0.38828125 0.08984375 0.2390625
0 0.84296875 0.33203125 0.06328125 0.225
0 0.42421875 0.7359375 0.1640625 0.35625
2 0.73671875 0.153125 0.05078125 0.03984375
2 0.68515625 0.1796875 0.0578125 0.0421875
2 0.72734375 0.23515625 0.046875 0.0875
2 0.87421875 0.86953125 0.115625 0.1703125
2 0.24609375 0.30078125 0.06328125 0.09140625
5 0.21953125 0.2109375 0.01875 0.04921875
5 0.24140625 0.4015625 0.02109375 0.04921875
2 0.33828125 0.95546875 0.1203125 0.0890625