4 0.21328125 0.44765625 0.17109375 0.30078125
4 0.809375 0.771875 0.20625 0.39921875
4 0.7578125 0.303125 0.08984375 0.2796875
4 0.8 0.21328125 0.0890625 0.16953125
4 0.71484375 0.121875 0.09296875 0.18125
4 0.225 0.234375 0.10078125 0.1390625
4 0.5484375 0.921875 0.27265625 0.15625
0 0.3625 0.37734375 0.103125 0.30078125
0 0.6640625 0.39375 0.11484375 0.278125
0 0.78203125 0.38828125 0.08984375 0.2390625
0 0.84296875 0.33203125 0.06328125 0.225
0 0.42421875 0.7359375 0.1640625 0.35625
5 0.74296875 0.13671875 0.0296875 0.0328125
5 0.72109375 0.28203125 0.03046875 0.040625
5 0.88046875 0.76640625 0.046875 0.08359375
5 0.21796875 0.21328125 0.01640625 0.04375
5 0.2421875 0.4015625 0.01953125 0.03046875
2 0.34453125 0.95859375 0.1203125 0.0828125
2 0.728125 0.2265625 0.0484375 0.08828125
2 0.875 0.86875 0.109375 0.171875
2 0.2453125 0.3 0.05546875 0.08984375
2 0.684375 0.18046875 0.0578125 0.0515625
2 0.7375 0.15 0.05078125 0.04609375