4 0.39375 0.17109375 0.3328125 0.1890625
4 0.753125 0.82890625 0.440625 0.228125
4 0.23359375 0.771875 0.309375 0.1
4 0.134375 0.81875 0.1875 0.0984375
4 0.06640625 0.725 0.1328125 0.103125
4 0.1578125 0.18359375 0.153125 0.1109375
4 0.915625 0.540625 0.16875 0.3015625
0 0.31640625 0.3359375 0.3328125 0.1140625
0 0.334375 0.66875 0.30625 0.1265625
0 0.328125 0.79921875 0.2640625 0.1
0 0.26640625 0.86640625 0.25 0.0703125
0 0.71328125 0.40390625 0.39375 0.18125
2 0.23828125 0.2078125 0.08125 0.059375
2 0.15703125 0.73359375 0.08125 0.0453125
2 0.071875 0.7515625 0.0453125 0.04375
2 0.85234375 0.9046875 0.196875 0.1125
2 0.96484375 0.3171875 0.06875 0.121875
5 0.73984375 0.909375 0.0953125 0.0421875
5 0.34921875 0.20078125 0.040625 0.028125
5 0.20546875 0.73046875 0.040625 0.034375
5 0.0515625 0.75390625 0.028125 0.025
2 0.10390625 0.6921875 0.0421875 0.0578125