4 0.4515625 0.2140625 0.3046875 0.171875
4 0.7796875 0.815625 0.403125 0.209375
4 0.30546875 0.76328125 0.2828125 0.090625
4 0.2140625 0.80625 0.171875 0.090625
4 0.121875 0.7203125 0.184375 0.0953125
4 0.2359375 0.22578125 0.140625 0.1015625
4 0.92578125 0.55234375 0.146875 0.275
0 0.38046875 0.36484375 0.3046875 0.103125
0 0.396875 0.66875 0.28125 0.115625
0 0.39140625 0.78828125 0.240625 0.0921875
0 0.33515625 0.85 0.228125 0.0640625
0 0.74375 0.4265625 0.359375 0.165625
2 0.3015625 0.24609375 0.059375 0.0578125
2 0.96640625 0.34375 0.065625 0.11875
2 0.86953125 0.87734375 0.1875 0.109375
2 0.23125 0.734375 0.0921875 0.040625
2 0.1515625 0.7453125 0.0453125 0.0515625
2 0.17578125 0.69140625 0.0484375 0.0578125
5 0.28125 0.72734375 0.034375 0.028125
5 0.4046875 0.240625 0.04375 0.025
5 0.21171875 0.2171875 0.0375 0.015625
5 0.77265625 0.88671875 0.06875 0.05
5 0.13984375 0.74921875 0.028125 0.01875