4 0.8203125 0.44453125 0.178125 0.315625
4 0.1953125 0.784375 0.215625 0.41875
4 0.24921875 0.2921875 0.09375 0.29375
4 0.2046875 0.1984375 0.09375 0.178125
4 0.29453125 0.10234375 0.096875 0.190625
4 0.8078125 0.2203125 0.10625 0.1453125
4 0.46875 0.9296875 0.2875 0.140625
0 0.66328125 0.3703125 0.1078125 0.315625
0 0.34765625 0.3875 0.1203125 0.290625
0 0.2234375 0.38125 0.09375 0.25
0 0.159375 0.3234375 0.065625 0.2359375
0 0.59921875 0.746875 0.171875 0.3734375
5 0.26484375 0.11953125 0.025 0.034375
5 0.1171875 0.78515625 0.0421875 0.078125
5 0.7921875 0.3984375 0.0265625 0.040625
5 0.81875 0.19765625 0.015625 0.046875
2 0.78671875 0.3 0.0625 0.0765625
2 0.28203125 0.2125 0.0375 0.09375
2 0.2703125 0.1375 0.05 0.05625
2 0.3234375 0.16640625 0.059375 0.040625
2 0.121875 0.88359375 0.1125 0.1953125
2 0.67421875 0.9734375 0.121875 0.053125
5 0.2859375 0.27265625 0.028125 0.0390625