4 0.50859375 0.19375 0.3328125 0.1890625
4 0.1859375 0.8515625 0.371875 0.228125
4 0.66875 0.79453125 0.309375 0.1
4 0.76875 0.8421875 0.1875 0.0984375
4 0.86953125 0.74765625 0.2 0.103125
4 0.74453125 0.20703125 0.153125 0.1109375
4 0.03515625 0.5640625 0.0703125 0.3015625
0 0.58671875 0.35859375 0.3328125 0.1140625
0 0.56875 0.69140625 0.30625 0.1265625
0 0.575 0.821875 0.2640625 0.1
0 0.6359375 0.88984375 0.25 0.0703125
0 0.19375 0.4265625 0.3875 0.18125
2 0.67109375 0.2265625 0.0984375 0.06875
2 0.753125 0.75859375 0.0890625 0.040625
2 0.07265625 0.928125 0.1453125 0.109375
2 0.83125 0.771875 0.046875 0.0515625
2 0.80703125 0.7125 0.053125 0.065625
5 0.6921875 0.75703125 0.034375 0.0265625
5 0.85078125 0.78046875 0.040625 0.0296875
5 0.15625 0.9296875 0.08125 0.0453125
5 0.76796875 0.1921875 0.0453125 0.01875
5 0.55625 0.2234375 0.046875 0.0328125