4 0.79296875 0.44453125 0.175 0.30625
4 0.184375 0.77578125 0.2109375 0.40625
4 0.2375 0.296875 0.090625 0.284375
4 0.19375 0.20546875 0.090625 0.171875
4 0.28125 0.11171875 0.0953125 0.184375
4 0.78125 0.2265625 0.103125 0.140625
4 0.45078125 0.92421875 0.278125 0.1515625
0 0.640625 0.37265625 0.10625 0.30625
0 0.3328125 0.3890625 0.1171875 0.284375
0 0.2125 0.38359375 0.0921875 0.24375
0 0.15 0.32734375 0.065625 0.2296875
0 0.57734375 0.7390625 0.1671875 0.3640625
5 0.25234375 0.12734375 0.03125 0.034375
5 0.27421875 0.27578125 0.03125 0.0421875
5 0.11171875 0.7703125 0.046875 0.084375
5 0.78828125 0.20546875 0.015625 0.04375
5 0.76328125 0.39765625 0.01875 0.03125
2 0.659375 0.96171875 0.125 0.0765625
2 0.26796875 0.21953125 0.05 0.090625
2 0.1171875 0.875 0.1125 0.175
2 0.7609375 0.29453125 0.05625 0.0921875
2 0.31171875 0.171875 0.059375 0.053125
2 0.2578125 0.140625 0.0515625 0.046875