4 0.55625 0.21953125 0.309375 0.175
4 0.2234375 0.83125 0.409375 0.2125
4 0.70546875 0.778125 0.2875 0.0921875
4 0.79765625 0.821875 0.175 0.0921875
4 0.89140625 0.73359375 0.1859375 0.096875
4 0.77578125 0.23125 0.14375 0.103125
4 0.075 0.56328125 0.15 0.28125
0 0.62890625 0.37265625 0.309375 0.10625
0 0.6125 0.68203125 0.284375 0.11875
0 0.61796875 0.803125 0.2453125 0.0921875
0 0.675 0.865625 0.23125 0.065625
0 0.26015625 0.4359375 0.365625 0.16875
2 0.78359375 0.7453125 0.0921875 0.05
2 0.86640625 0.75390625 0.0609375 0.0578125
2 0.10625 0.8984375 0.209375 0.121875
2 0.70703125 0.2484375 0.096875 0.0625
2 0.0328125 0.35625 0.065625 0.11875
5 0.6015625 0.24921875 0.0375 0.028125
5 0.79296875 0.22265625 0.0390625 0.021875
5 0.721875 0.74140625 0.025 0.03125
2 0.8265625 0.70078125 0.046875 0.046875
5 0.87421875 0.7625 0.0421875 0.0296875