4 0.21328125 0.44765625 0.17109375 0.30078125
4 0.809375 0.771875 0.20625 0.39921875
4 0.7578125 0.303125 0.08984375 0.2796875
4 0.8 0.21328125 0.0890625 0.16953125
4 0.71484375 0.121875 0.09296875 0.18125
4 0.225 0.234375 0.10078125 0.1390625
4 0.5484375 0.921875 0.27265625 0.15625
0 0.3625 0.37734375 0.103125 0.30078125
0 0.6640625 0.39375 0.11484375 0.278125
0 0.78203125 0.38828125 0.08984375 0.2390625
0 0.84296875 0.33203125 0.06328125 0.225
0 0.42421875 0.7359375 0.1640625 0.35625
5 0.2421875 0.4046875 0.028125 0.03203125
5 0.72265625 0.27734375 0.02421875 0.03828125
2 0.684375 0.17890625 0.05625 0.04609375
2 0.740625 0.15546875 0.04140625 0.04375
2 0.8765625 0.87265625 0.1125 0.1984375
5 0.88046875 0.76640625 0.040625 0.078125
2 0.3484375 0.9578125 0.1234375 0.084375
2 0.24765625 0.3078125 0.05625 0.08828125
2 0.728125 0.22265625 0.05234375 0.09921875