4 0.47734375 0.7921875 0.134375 0.096875
4 0.51171875 0.69296875 0.14375 0.08125
4 0.5328125 0.56953125 0.1375 0.078125
4 0.5515625 0.4546875 0.1859375 0.06875
4 0.82265625 0.54375 0.0875 0.040625
4 0.74609375 0.57265625 0.0375 0.034375
4 0.72109375 0.65546875 0.040625 0.034375
4 0.68671875 0.81796875 0.06875 0.0359375
4 0.88984375 0.7828125 0.05 0.025
4 0.77578125 0.74453125 0.0453125 0.0125
4 0.2765625 0.09375 0.18125 0.05625
4 0.3390625 0.04375 0.165625 0.0421875
4 0.20390625 0.6375 0.215625 0.125
3 0.69609375 0.3765625 0.05625 0.034375
3 0.6578125 0.51171875 0.0796875 0.0453125
3 0.68046875 0.43125 0.05625 0.053125
3 0.628125 0.5984375 0.09375 0.046875
3 0.59375 0.71484375 0.08125 0.065625
3 0.55078125 0.8109375 0.071875 0.05625
3 0.128125 0.39140625 0.1421875 0.084375
3 0.246875 0.28125 0.1375 0.0625
3 0.31328125 0.1984375 0.10625 0.05
3 0.3703125 0.14453125 0.121875 0.028125
3 0.43359375 0.0953125 0.071875 0.021875
3 0.8515625 0.57265625 0.05 0.034375
3 0.9078125 0.74453125 0.05 0.015625
3 0.89140625 0.80703125 0.0375 0.03125
3 0.03671875 0.55859375 0.0734375 0.0921875
3 0.0359375 0.32890625 0.071875 0.0828125
0 0.353125 0.53515625 0.2875 0.11875
0 0.43671875 0.26171875 0.153125 0.084375
3 0.4640625 0.19140625 0.05 0.040625
0 0.49296875 0.3515625 0.2375 0.078125
0 0.51875 0.28671875 0.190625 0.05625
0 0.60390625 0.31484375 0.096875 0.0734375
0 0.45703125 0.4375 0.2640625 0.0875
0 0.33203125 0.53671875 0.315625 0.1125
0 0.41328125 0.690625 0.228125 0.103125
0 0.31875 0.78203125 0.2828125 0.109375
0 0.0453125 0.19453125 0.090625 0.1609375
0 0.1390625 0.14453125 0.11875 0.109375
0 0.20078125 0.07265625 0.16875 0.04375
0 0.28203125 0.03125 0.16875 0.0375
0 0.784375 0.61875 0.10625 0.04375
0 0.7484375 0.78671875 0.06875 0.059375
0 0.78125 0.53359375 0.0765625 0.040625
0 0.765625 0.85625 0.153125 0.0390625
1 0.0390625 0.37421875 0.078125 0.10625
1 0.2265625 0.18515625 0.0921875 0.0625
1 0.290625 0.13671875 0.0921875 0.040625
1 0.63046875 0.41640625 0.040625 0.053125
1 0.65546875 0.37109375 0.028125 0.04375
1 0.5671875 0.58671875 0.0375 0.05625
1 0.484375 0.8046875 0.0484375 0.0828125
1 0.525 0.7125 0.05 0.065625