0 0.22890625 0.67890625 0.1375 0.3765625
0 0.0109375 0.62890625 0.021875 0.2578125
0 0.09453125 0.42421875 0.05625 0.26875
0 0.1359375 0.49296875 0.0578125 0.24375
0 0.603125 0.91171875 0.240625 0.1765625
3 0.6515625 0.45390625 0.1125 0.165625
3 0.4484375 0.3703125 0.0625 0.153125
3 0.28828125 0.30078125 0.0625 0.109375
3 0.221875 0.2765625 0.03125 0.1203125
3 0.5640625 0.3953125 0.071875 0.203125
3 0.26328125 0.2484375 0.0265625 0.065625
3 0.3046875 0.28984375 0.05 0.15625
3 0.546875 0.16953125 0.040625 0.0765625
3 0.6046875 0.2078125 0.046875 0.0625
3 0.63125 0.20234375 0.0375 0.075
3 0.878125 0.26640625 0.065625 0.1078125
3 0.96796875 0.596875 0.0640625 0.209375
3 0.85 0.56875 0.15 0.234375
3 0.97578125 0.3234375 0.0484375 0.1109375
3 0.6984375 0.45625 0.096875 0.1921875
3 0.79765625 0.14609375 0.034375 0.04375
3 0.73515625 0.12890625 0.040625 0.05
4 0.91875 0.8515625 0.1625 0.296875
4 0.94765625 0.44609375 0.096875 0.178125
4 0.79453125 0.38828125 0.096875 0.1765625
4 0.6546875 0.3140625 0.10625 0.1046875
4 0.4859375 0.215625 0.0640625 0.175
4 0.44921875 0.14296875 0.0375 0.0984375
4 0.39609375 0.27109375 0.059375 0.1375
4 0.34140625 0.22734375 0.04375 0.165625
4 0.30078125 0.19453125 0.025 0.075
4 0.1484375 0.2859375 0.05625 0.1109375
4 0.1671875 0.34765625 0.065625 0.140625
4 0.21328125 0.41171875 0.121875 0.1890625
4 0.92734375 0.33671875 0.0671875 0.13125
4 0.82109375 0.2078125 0.0546875 0.1109375
4 0.76171875 0.13203125 0.0375 0.071875
0 0.78046875 0.23828125 0.040625 0.15625
0 0.74140625 0.234375 0.0390625 0.15625
0 0.4765625 0.2578125 0.05625 0.115625
0 0.4265625 0.23046875 0.040625 0.0953125
0 0.87421875 0.39296875 0.0796875 0.06875
1 0.79140625 0.75 0.16875 0.175
1 0.59765625 0.60078125 0.14375 0.13125
1 0.41875 0.4953125 0.103125 0.0765625
1 0.234375 0.37890625 0.040625 0.05
1 0.8625 0.3359375 0.059375 0.025
1 0.346875 0.31328125 0.0296875 0.046875
1 0.5265625 0.2125 0.0375 0.028125
1 0.603125 0.2359375 0.0359375 0.025