3 0.3203125 0.60078125 0.09609375 0.115625
3 0.7609375 0.4890625 0.06328125 0.1140625
3 0.86171875 0.478125 0.0703125 0.12109375
3 0.28984375 0.1203125 0.06875 0.06796875
3 0.18203125 0.128125 0.053125 0.08203125
3 0.5796875 0.115625 0.034375 0.059375
3 0.646875 0.121875 0.040625 0.05
3 0.803125 0.08359375 0.03203125 0.05
3 0.921875 0.25546875 0.025 0.046875
1 0.3203125 0.69296875 0.12265625 0.078125
1 0.75703125 0.571875 0.0609375 0.0625
1 0.8578125 0.54765625 0.06640625 0.05703125
1 0.58203125 0.1625 0.0546875 0.0390625
1 0.64921875 0.16484375 0.05625 0.03203125
1 0.290625 0.17578125 0.07109375 0.02890625
1 0.1734375 0.2078125 0.06484375 0.0265625
0 0.26953125 0.021875 0.0609375 0.040625
0 0.2421875 0.26796875 0.06640625 0.14140625
0 0.29140625 0.346875 0.115625 0.153125
0 0.3828125 0.303125 0.08203125 0.190625
0 0.51015625 0.26015625 0.0890625 0.1375
0 0.6375 0.2671875 0.0734375 0.1015625
0 0.709375 0.290625 0.07890625 0.10859375
0 0.75546875 0.3203125 0.0546875 0.090625
0 0.6765625 0.3296875 0.0734375 0.07109375
0 0.7984375 0.79453125 0.15703125 0.19140625
0 0.8921875 0.66875 0.09921875 0.184375
0 0.8859375 0.88671875 0.11796875 0.2265625
0 0.97421875 0.84765625 0.0515625 0.2765625
0 0.77734375 0.934375 0.10625 0.13046875
0 0.9734375 0.490625 0.05234375 0.20703125
0 0.23203125 0.88984375 0.1734375 0.2203125
0 0.17109375 0.3484375 0.09375 0.20859375
0 0.33671875 0.015625 0.0546875 0.03125
2 0.61796875 0.603125 0.0796875 0.09140625
4 0.79375 0.6578125 0.11484375 0.259375
4 0.58984375 0.315625 0.084375 0.12109375
4 0.44609375 0.3359375 0.1 0.13359375
0 0.896875 0.23828125 0.0265625 0.059375
0 0.1484375 0.4015625 0.08984375 0.096875
1 0.93203125 0.29453125 0.01875 0.025