4 0.7046875 0.69296875 0.178125 0.1015625
4 0.75234375 0.8140625 0.121875 0.0515625
4 0.571875 0.84375 0.225 0.0734375
4 0.69296875 0.94921875 0.115625 0.05
4 0.22890625 0.953125 0.3671875 0.09375
4 0.4828125 0.628125 0.290625 0.2265625
4 0.59921875 0.39921875 0.225 0.09375
4 0.75 0.5546875 0.14375 0.08125
4 0.8203125 0.68984375 0.1015625 0.046875
4 0.5015625 0.16484375 0.25625 0.109375
4 0.44609375 0.05078125 0.1921875 0.1015625
4 0.14609375 0.1375 0.2921875 0.196875
3 0.59609375 0.1234375 0.13125 0.0703125
3 0.67578125 0.34609375 0.13125 0.065625
3 0.7953125 0.51015625 0.0546875 0.0453125
3 0.83359375 0.6421875 0.0625 0.03125
3 0.57734375 0.56953125 0.15 0.075
3 0.30390625 0.0421875 0.215625 0.084375
1 0.36171875 0.3703125 0.08125 0.078125
1 0.47578125 0.57578125 0.0578125 0.09375
1 0.5890625 0.3625 0.046875 0.0546875
1 0.77890625 0.6078125 0.0375 0.034375
1 0.746875 0.5234375 0.0265625 0.05
0 0.22890625 0.48359375 0.4578125 0.15625
0 0.29609375 0.64765625 0.4296875 0.16875
0 0.17265625 0.896875 0.3453125 0.071875
0 0.44140625 0.98671875 0.203125 0.0265625
0 0.57578125 0.95703125 0.178125 0.075
0 0.42734375 0.8625 0.3125 0.0984375
0 0.7484375 0.76953125 0.0578125 0.04375
0 0.44140625 0.215625 0.18125 0.103125
0 0.53984375 0.43203125 0.1375 0.09375
3 0.828125 0.60078125 0.0765625 0.0375