0 0.8328125 0.8203125 0.134375 0.3484375
0 0.7109375 0.83203125 0.11875 0.259375
0 0.496875 0.80546875 0.153125 0.2890625
0 0.3484375 0.79765625 0.1515625 0.2328125
0 0.3796875 0.559375 0.103125 0.303125
0 0.48125 0.53828125 0.103125 0.321875
0 0.70625 0.56171875 0.103125 0.28125
0 0.85234375 0.54609375 0.115625 0.190625
0 0.6171875 0.1953125 0.059375 0.0375
0 0.52578125 0.1953125 0.0640625 0.06875
0 0.73359375 0.078125 0.0671875 0.146875
0 0.11171875 0.3359375 0.0375 0.059375
3 0.04921875 0.39765625 0.03125 0.065625
3 0.47265625 0.33046875 0.06875 0.090625
3 0.384375 0.34296875 0.071875 0.09375
3 0.5953125 0.3375 0.090625 0.109375
3 0.7296875 0.31328125 0.071875 0.1078125
3 0.85234375 0.31328125 0.06875 0.078125
3 0.16953125 0.20390625 0.034375 0.053125
3 0.203125 0.190625 0.03125 0.0578125
1 0.865625 0.028125 0.021875 0.046875
1 0.85234375 0.39921875 0.090625 0.0484375
1 0.71796875 0.39765625 0.0859375 0.0515625
1 0.5984375 0.409375 0.09375 0.0515625
1 0.45 0.39609375 0.03125 0.0375
1 0.3796875 0.4171875 0.06875 0.040625
1 0.2796875 0.91015625 0.103125 0.0625
1 0.471875 0.97421875 0.125 0.040625
1 0.83125 0.98671875 0.10625 0.0265625
0 0.5859375 0.49140625 0.096875 0.065625
4 0.5953125 0.709375 0.1265625 0.4875
4 0.70859375 0.17265625 0.0546875 0.0828125
5 0.646875 0.9875 0.0421875 0.025