4 0.165625 0.396875 0.0875 0.10859375
4 0.33203125 0.34765625 0.090625 0.1234375
4 0.475 0.3203125 0.10390625 0.1484375
4 0.58671875 0.30234375 0.08125 0.14296875
4 0.609375 0.1671875 0.06640625 0.1375
4 0.68125 0.196875 0.06484375 0.15546875
4 0.8140625 0.65703125 0.09921875 0.26953125
4 0.87578125 0.196875 0.0328125 0.0765625
4 0.9375 0.29296875 0.03828125 0.08046875
4 0.34765625 0.01640625 0.0234375 0.0328125
4 0.2765625 0.028125 0.02578125 0.03046875
3 0.3171875 0.60234375 0.09765625 0.12890625
3 0.7625 0.490625 0.05703125 0.10859375
3 0.8625 0.48828125 0.06484375 0.115625
3 0.58046875 0.115625 0.0375 0.0609375
3 0.6453125 0.11875 0.04609375 0.0515625
3 0.92265625 0.259375 0.025 0.0484375
3 0.803125 0.0875 0.03203125 0.05
3 0.18125 0.1265625 0.0515625 0.075
3 0.2875 0.12578125 0.065625 0.059375
1 0.31953125 0.690625 0.1234375 0.07890625
1 0.1796875 0.20390625 0.0703125 0.03359375
1 0.28828125 0.16640625 0.0625 0.03046875
1 0.58671875 0.16796875 0.0515625 0.03046875
1 0.653125 0.16484375 0.0515625 0.0375
1 0.765625 0.57109375 0.08203125 0.071875
1 0.8625 0.540625 0.05546875 0.06953125
0 0.190625 0.91953125 0.17109375 0.1609375
0 0.7890625 0.79140625 0.1640625 0.24453125
0 0.88828125 0.64453125 0.0734375 0.20859375
0 0.975 0.4921875 0.05 0.20703125
0 0.90078125 0.2375 0.0265625 0.06640625
0 0.75625 0.3171875 0.065625 0.09609375
0 0.69453125 0.33828125 0.0484375 0.05390625
0 0.61640625 0.26328125 0.0640625 0.11796875
0 0.68984375 0.26484375 0.0625 0.13203125
0 0.39921875 0.253125 0.0859375 0.175
0 0.2703125 0.28984375 0.09609375 0.159375
0 0.17734375 0.30859375 0.0875 0.1109375
0 0.18828125 0.03359375 0.05625 0.05859375
5 0.78046875 0.5828125 0.0203125 0.07890625
2 0.61796875 0.60234375 0.078125 0.0875