3 0.52578125 0.153125 0.065625 0.13359375
3 0.409375 0.0578125 0.04921875 0.115625
3 0.03671875 0.284375 0.025 0.075
3 0.05625 0.38984375 0.034375 0.134375
3 0.0984375 0.51015625 0.04453125 0.10703125
1 0.09765625 0.4453125 0.0546875 0.1125
1 0.065625 0.315625 0.03046875 0.0765625
1 0.50859375 0.22421875 0.078125 0.09609375
1 0.3953125 0.11953125 0.05703125 0.05859375
5 0.3703125 0.13984375 0.02578125 0.02890625
4 0.3078125 0.1234375 0.08984375 0.2109375
4 0.23515625 0.30078125 0.1171875 0.359375
4 0.93046875 0.3390625 0.0796875 0.28359375
4 0.7953125 0.12265625 0.04140625 0.17109375
0 0.77734375 0.225 0.0625 0.23046875
0 0.88515625 0.33671875 0.0640625 0.284375
3 0.9859375 0.2515625 0.028125 0.13359375
3 0.825 0.08671875 0.0625 0.1265625
0 0.4046875 0.653125 0.15546875 0.3015625
0 0.2984375 0.56640625 0.11796875 0.3359375
0 0.246875 0.37421875 0.13515625 0.2015625
0 0.43125 0.36015625 0.14609375 0.3265625
0 0.88828125 0.11796875 0.05625 0.125