3 0.040625 0.64765625 0.078125 0.1625
3 0.121875 0.38203125 0.05859375 0.11640625
3 0.321875 0.31015625 0.059375 0.10390625
3 0.46875 0.1984375 0.03984375 0.05859375
3 0.5875 0.165625 0.03203125 0.059375
3 0.54765625 0.1765625 0.03125 0.0609375
3 0.5328125 0.39609375 0.06484375 0.121875
3 0.3234375 0.51171875 0.05078125 0.184375
3 0.7109375 0.32890625 0.0296875 0.08359375
3 0.69296875 0.315625 0.0453125 0.09296875
3 0.7890625 0.27890625 0.02421875 0.0609375
3 0.8109375 0.26875 0.015625 0.065625
3 0.98671875 0.70546875 0.0265625 0.1640625
3 0.00703125 0.4890625 0.0140625 0.078125
4 0.14375 0.74921875 0.16328125 0.340625
4 0.5734375 0.54453125 0.13671875 0.475
4 0.63203125 0.25546875 0.0828125 0.18359375
4 0.634375 0.18046875 0.03515625 0.1
4 0.709375 0.22109375 0.06171875 0.2140625
4 0.9125 0.71953125 0.140625 0.36953125
4 0.975 0.50390625 0.04921875 0.146875
4 0.9828125 0.40390625 0.034375 0.13046875
4 0.71640625 0.9671875 0.1765625 0.065625
4 0.375 0.36328125 0.06796875 0.1875
4 0.175 0.459375 0.0890625 0.2
4 0.50390625 0.25234375 0.0765625 0.134375
0 0.196875 0.52265625 0.10078125 0.1734375
0 0.39140625 0.42890625 0.084375 0.128125
0 0.5109375 0.3375 0.08515625 0.1390625
0 0.8703125 0.396875 0.0859375 0.16640625
0 0.9375 0.5328125 0.0546875 0.2015625
0 0.834375 0.78515625 0.04765625 0.31796875
0 0.54375 0.91640625 0.159375 0.16640625
0 0.4 0.8 0.19609375 0.3859375
0 0.61171875 0.634375 0.140625 0.40703125
4 0.7671875 0.48203125 0.10078125 0.35