4 0.8421875 0.66015625 0.0671875 0.0734375
4 0.85390625 0.78828125 0.075 0.0625
4 0.92734375 0.84296875 0.1453125 0.0390625
0 0.38046875 0.77890625 0.315625 0.13125
0 0.4609375 0.6375 0.309375 0.121875
0 0.4859375 0.50859375 0.21875 0.125
0 0.24453125 0.55234375 0.353125 0.203125
0 0.2078125 0.41171875 0.24375 0.13125
0 0.29921875 0.31640625 0.3125 0.109375
4 0.27890625 0.2 0.19375 0.071875
0 0.26875 0.21796875 0.24375 0.05625
0 0.68984375 0.1765625 0.0578125 0.034375
0 0.64921875 0.14453125 0.06875 0.025
4 0.7703125 0.2828125 0.09375 0.021875
3 0.81640625 0.2234375 0.071875 0.040625
3 0.6140625 0.0984375 0.0578125 0.03125
3 0.7046875 0.7984375 0.1046875 0.071875
3 0.6828125 0.659375 0.1140625 0.0890625
3 0.68203125 0.5359375 0.09375 0.065625
3 0.67109375 0.44140625 0.090625 0.0734375
0 0.834375 0.9 0.025 0.0484375
0 0.95 0.7796875 0.1 0.0765625
0 0.13125 0.82734375 0.2328125 0.178125
0 0.14921875 0.95 0.2765625 0.1
0 0.35390625 0.9359375 0.315625 0.128125
3 0.6984375 0.9234375 0.084375 0.06875
1 0.61484375 0.9296875 0.053125 0.084375
1 0.6203125 0.7890625 0.06875 0.1
1 0.60546875 0.66015625 0.053125 0.09375
1 0.61015625 0.53515625 0.04375 0.08125
1 0.59140625 0.43984375 0.034375 0.0625
0 0.78359375 0.4546875 0.021875 0.021875
1 0.03984375 0.53828125 0.0640625 0.13125
1 0.09921875 0.33046875 0.0625 0.1046875
1 0.0109375 0.90078125 0.021875 0.1109375
1 0.98828125 0.871875 0.021875 0.0171875