0 0.5828125 0.246875 0.1 0.25859375
0 0.72109375 0.2 0.075 0.06953125
0 0.4375 0.20078125 0.09140625 0.2265625
0 0.3671875 0.18203125 0.06484375 0.21640625
0 0.08515625 0.171875 0.0421875 0.1109375
0 0.2734375 0.125 0.075 0.05546875
0 0.125 0.771875 0.14453125 0.2734375
3 0.1703125 0.078125 0.046875 0.06796875
3 0.5078125 0.08359375 0.046875 0.075
3 0.653125 0.12265625 0.04921875 0.07109375
3 0.765625 0.16484375 0.04921875 0.05390625
4 0.59375 0.146875 0.096875 0.28359375
4 0.72421875 0.13671875 0.075 0.1234375