0 0.71640625 0.3953125 0.41875 0.184375
0 0.88984375 0.6765625 0.2203125 0.234375
0 0.27265625 0.484375 0.08125 0.071875
0 0.378125 0.1265625 0.15 0.046875
0 0.50703125 0.2015625 0.2890625 0.1109375
0 0.590625 0.0359375 0.246875 0.071875
0 0.22890625 0.42578125 0.075 0.0359375
0 0.38984375 0.8484375 0.071875 0.046875
0 0.38125 0.8078125 0.0734375 0.0359375
3 0.56484375 0.8125 0.221875 0.1328125
3 0.45234375 0.62890625 0.165625 0.1046875
3 0.3828125 0.44609375 0.159375 0.0625
3 0.296875 0.3 0.1 0.04375
3 0.28828125 0.31875 0.128125 0.046875
3 0.2546875 0.2796875 0.06875 0.01875
3 0.275 0.2421875 0.096875 0.025
3 0.24296875 0.215625 0.04375 0.021875
3 0.184375 0.5359375 0.071875 0.0390625
3 0.2140625 0.590625 0.059375 0.040625
3 0.20625 0.61171875 0.065625 0.034375
3 0.278125 0.8359375 0.08125 0.0609375
3 0.17265625 0.8078125 0.0484375 0.028125
3 0.32890625 0.928125 0.096875 0.053125
3 0.14609375 0.70234375 0.0359375 0.0296875
4 0.225 0.74140625 0.3 0.075
4 0.3703125 0.7515625 0.1765625 0.078125
4 0.4703125 0.896875 0.23125 0.0671875
4 0.45234375 0.9796875 0.2203125 0.040625
4 0.80859375 0.9140625 0.328125 0.1609375
4 0.69140625 0.7078125 0.325 0.21875
4 0.30546875 0.1734375 0.1140625 0.046875
4 0.35234375 0.2203125 0.240625 0.075
4 0.24296875 0.36015625 0.15 0.0375
4 0.22109375 0.321875 0.084375 0.028125
4 0.2625 0.3953125 0.1390625 0.034375
4 0.1703125 0.4328125 0.096875 0.034375
4 0.19921875 0.48125 0.134375 0.046875
4 0.315625 0.6390625 0.146875 0.0875
4 0.15625 0.6875 0.11875 0.03125
1 0.578125 0.57890625 0.1234375 0.121875
1 0.478125 0.4171875 0.0859375 0.09375
1 0.37578125 0.2625 0.034375 0.015625
1 0.31171875 0.3609375 0.04375 0.0359375
1 0.22265625 0.5171875 0.034375 0.034375
1 0.24375 0.5890625 0.0265625 0.034375
1 0.728125 0.7859375 0.14375 0.103125
0 0.9328125 0.83359375 0.134375 0.1734375
1 0.33046875 0.82265625 0.0359375 0.0625