0 0.7625 0.62265625 0.1375 0.378125
0 0.98515625 0.57265625 0.0296875 0.2578125
0 0.896875 0.36640625 0.05625 0.2703125
0 0.85546875 0.4359375 0.0578125 0.2453125
0 0.3859375 0.88359375 0.2421875 0.2328125
3 0.3375 0.396875 0.1140625 0.165625
3 0.54140625 0.3125 0.0625 0.153125
3 0.70234375 0.24296875 0.0625 0.109375
3 0.76875 0.21875 0.03125 0.1203125
3 0.425 0.33828125 0.071875 0.203125
3 0.728125 0.190625 0.0265625 0.065625
3 0.6859375 0.23203125 0.05 0.15625
3 0.44296875 0.1109375 0.040625 0.078125
3 0.384375 0.15 0.046875 0.0625
3 0.3578125 0.14453125 0.0375 0.075
3 0.11015625 0.20859375 0.0671875 0.1078125
3 0.02578125 0.5390625 0.0515625 0.209375
3 0.1375 0.51171875 0.1515625 0.2359375
3 0.01796875 0.265625 0.0359375 0.1109375
3 0.28984375 0.39921875 0.096875 0.19375
3 0.190625 0.08828125 0.034375 0.04375
3 0.253125 0.07109375 0.040625 0.05
4 0.075 0.8234375 0.15 0.353125
4 0.04375 0.3890625 0.0875 0.178125
4 0.19375 0.33125 0.096875 0.178125
4 0.334375 0.25625 0.10625 0.1046875
4 0.503125 0.15703125 0.0640625 0.175
4 0.540625 0.08515625 0.0375 0.0984375
4 0.59453125 0.21328125 0.059375 0.1390625
4 0.64921875 0.16953125 0.04375 0.165625
4 0.68984375 0.13671875 0.025 0.075
4 0.84296875 0.228125 0.05625 0.1109375
4 0.82421875 0.28984375 0.0671875 0.1421875
4 0.778125 0.35390625 0.121875 0.190625
4 0.06015625 0.2796875 0.06875 0.1328125
4 0.1671875 0.15 0.0546875 0.1109375
4 0.22578125 0.07421875 0.0375 0.071875
0 0.2078125 0.18046875 0.040625 0.15625
0 0.246875 0.1765625 0.0390625 0.15625
0 0.51328125 0.2 0.05625 0.115625
0 0.56328125 0.17265625 0.040625 0.0953125
0 0.1140625 0.3359375 0.0796875 0.06875
1 0.196875 0.69375 0.1703125 0.175
1 0.39140625 0.54375 0.1453125 0.13125
1 0.57109375 0.43828125 0.103125 0.078125
1 0.75703125 0.321875 0.040625 0.05
1 0.12578125 0.27890625 0.059375 0.0265625
1 0.64296875 0.25546875 0.0296875 0.046875
1 0.46328125 0.1546875 0.0375 0.028125
1 0.3859375 0.178125 0.0375 0.0265625