3 0.5265625 0.15859375 0.06640625 0.15546875
3 0.40859375 0.059375 0.0515625 0.10546875
3 0.025 0.278125 0.02890625 0.1265625
3 0.0484375 0.37265625 0.03671875 0.14609375
3 0.090625 0.49296875 0.06171875 0.178125
4 0.3828125 0.67421875 0.15859375 0.25390625
4 0.259375 0.46875 0.22890625 0.30390625
4 0.1734375 0.28515625 0.09296875 0.259375
4 0.115625 0.20078125 0.0703125 0.1875
4 0.19296875 0.153125 0.1171875 0.30625
4 0.2625 0.0890625 0.09765625 0.1609375
4 0.8359375 0.240625 0.1140625 0.37890625
4 0.915625 0.296875 0.07265625 0.2859375
4 0.78984375 0.11640625 0.0421875 0.15859375
0 0.7796875 0.22734375 0.03828125 0.1484375
0 0.41953125 0.5984375 0.1265625 0.18046875
0 0.3625 0.453125 0.06015625 0.1609375
0 0.47109375 0.3796875 0.159375 0.390625
0 0.2671875 0.234375 0.08125 0.240625
0 0.203125 0.384375 0.09296875 0.23359375
0 0.98046875 0.4328125 0.0390625 0.178125
3 0.95546875 0.5609375 0.0296875 0.08359375
3 0.98359375 0.2328125 0.0328125 0.109375
1 0.5046875 0.22109375 0.0671875 0.08046875
1 0.096875 0.44453125 0.05625 0.13046875
1 0.0640625 0.32109375 0.04765625 0.078125
1 0.38984375 0.12421875 0.0625 0.05390625
1 0.8 0.11328125 0.03515625 0.0515625