4 0.61640625 0.23828125 0.096875 0.171875
4 0.73203125 0.1921875 0.0484375 0.115625
4 0.7609375 0.365625 0.06875 0.215625
4 0.8625 0.24921875 0.046875 0.109375
4 0.98359375 0.3609375 0.0328125 0.0984375
4 0.97890625 0.48203125 0.0421875 0.1734375
4 0.90078125 0.69453125 0.15625 0.35
4 0.55390625 0.45078125 0.2171875 0.278125
4 0.334375 0.33984375 0.090625 0.215625
4 0.48359375 0.19453125 0.078125 0.1390625
4 0.61328125 0.12734375 0.0453125 0.096875
4 0.109375 0.4328125 0.1046875 0.24375
4 0.025 0.48671875 0.05 0.184375
4 0.0890625 0.78125 0.178125 0.29375
3 0.06953125 0.3421875 0.0671875 0.1265625
3 0.28359375 0.265625 0.0625 0.125
3 0.44140625 0.1515625 0.04375 0.053125
3 0.56796875 0.11484375 0.03125 0.059375
3 0.49765625 0.36015625 0.071875 0.14375
3 0.015625 0.621875 0.03125 0.20625
3 0.99453125 0.69375 0.0109375 0.15
1 0.9703125 0.77421875 0.0515625 0.1359375
1 0.30703125 0.5671875 0.075 0.078125
1 0.50390625 0.4578125 0.090625 0.05625
1 0.29921875 0.34921875 0.053125 0.04375
1 0.534375 0.1671875 0.034375 0.0359375
1 0.45390625 0.19765625 0.0484375 0.025
0 0.415625 0.6984375 0.15 0.446875
0 0.57265625 0.6296875 0.1609375 0.4125
0 0.8125 0.7828125 0.06875 0.3984375
0 0.92109375 0.490625 0.0703125 0.1953125
0 0.86953125 0.36171875 0.071875 0.171875
0 0.7796875 0.50390625 0.09375 0.3
0 0.68984375 0.19609375 0.0421875 0.05625
0 0.1578125 0.490625 0.0984375 0.175
0 0.36640625 0.39609375 0.090625 0.1328125
3 0.52734375 0.1203125 0.034375 0.0734375
0 0.96328125 0.3671875 0.03125 0.1015625