0 0.31328125 0.90234375 0.1765625 0.1953125
0 0.6015625 0.87421875 0.16484375 0.2484375
0 0.7984375 0.7921875 0.16171875 0.240625
0 0.6890625 0.334375 0.05625 0.05390625
0 0.7515625 0.31875 0.053125 0.0765625
0 0.8203125 0.24765625 0.03125 0.17109375
0 0.8921875 0.23203125 0.0203125 0.053125
3 0.921875 0.2546875 0.02890625 0.0625
0 0.478125 0.2359375 0.08828125 0.1390625
0 0.2921875 0.340625 0.04921875 0.14140625
0 0.303125 0.23203125 0.0734375 0.10859375
0 0.2046875 0.284375 0.07421875 0.16640625
0 0.1984375 0.384375 0.0515625 0.09453125
0 0.5734375 0.31640625 0.09765625 0.13046875
0 0.596875 0.1984375 0.05625 0.103125
0 0.68125 0.271875 0.09375 0.11640625
3 0.2890625 0.121875 0.06171875 0.0640625
3 0.1796875 0.1296875 0.05859375 0.0765625
3 0.5703125 0.11640625 0.05234375 0.05546875
3 0.646875 0.11953125 0.03984375 0.053125
3 0.8 0.084375 0.03359375 0.04609375
0 0.9453125 0.3109375 0.02421875 0.03046875
3 0.7625 0.4859375 0.0484375 0.0859375
3 0.86328125 0.48515625 0.059375 0.1125
3 0.321875 0.6 0.096875 0.10859375
1 0.3203125 0.696875 0.11640625 0.08203125
1 0.76875 0.5671875 0.07890625 0.07109375
1 0.8703125 0.546875 0.0484375 0.06796875
1 0.64765625 0.15703125 0.0546875 0.0359375
1 0.5578125 0.16171875 0.021875 0.0375
1 0.17265625 0.20390625 0.0640625 0.03046875
2 0.61875 0.603125 0.0828125 0.08046875
4 0.3328125 0.3484375 0.07421875 0.128125
4 0.471875 0.31953125 0.1109375 0.1359375
4 0.16171875 0.37265625 0.0828125 0.134375
4 0.8046875 0.6625 0.12890625 0.29140625
4 0.5828125 0.02265625 0.03359375 0.034375
0 0.19453125 0.0265625 0.0625 0.053125
0 0.26640625 0.01875 0.0640625 0.0375
0 0.33203125 0.0171875 0.0515625 0.034375
0 0.8015625 0.95625 0.07734375 0.07890625
0 0.94765625 0.9296875 0.075 0.13203125
0 0.9765625 0.4875 0.04140625 0.2
5 0.721875 0.596875 0.03203125 0.05