0 0.3375 0.48203125 0.0921875 0.2265625
0 0.4625 0.65859375 0.06875 0.1546875
0 0.5125 0.41171875 0.134375 0.4046875
0 0.78671875 0.23203125 0.0484375 0.1953125
0 0.9796875 0.42109375 0.040625 0.2109375
0 0.30078125 0.24296875 0.084375 0.246875
0 0.225 0.31171875 0.05 0.10625
0 0.1890625 0.2234375 0.0546875 0.1
3 0.828125 0.08125 0.06875 0.115625
3 0.9828125 0.23984375 0.034375 0.1125
3 0.52890625 0.1515625 0.075 0.1578125
3 0.41171875 0.05546875 0.05625 0.109375
3 0.028125 0.26328125 0.03125 0.090625
3 0.046875 0.378125 0.04375 0.128125
3 0.0875 0.50703125 0.0609375 0.15
1 0.0984375 0.45 0.0484375 0.13125
1 0.06796875 0.3203125 0.0375 0.0875
1 0.36875 0.12578125 0.0671875 0.071875
1 0.50859375 0.22265625 0.08125 0.09375
1 0.809375 0.12578125 0.0515625 0.059375
4 0.38046875 0.6828125 0.1375 0.246875
4 0.21796875 0.503125 0.23125 0.3140625
4 0.153125 0.35078125 0.125 0.2765625
4 0.1125 0.228125 0.078125 0.19375
4 0.334375 0.10703125 0.14375 0.2140625
4 0.7984375 0.1015625 0.0421875 0.084375
4 0.88828125 0.45703125 0.053125 0.0875