4 0.4015625 0.1546875 0.1125 0.090625
4 0.35078125 0.32578125 0.128125 0.09375
4 0.321875 0.47265625 0.153125 0.10625
4 0.30390625 0.5875 0.146875 0.084375
4 0.16484375 0.6109375 0.140625 0.06875
4 0.19609375 0.684375 0.159375 0.0671875
4 0.66875 0.8203125 0.278125 0.1015625
4 0.1953125 0.884375 0.078125 0.034375
4 0.29453125 0.9484375 0.0828125 0.0390625
4 0.01328125 0.3421875 0.0265625 0.025
4 0.02109375 0.26953125 0.03125 0.0265625
3 0.6125 0.3109375 0.1328125 0.1
3 0.496875 0.76796875 0.1125 0.059375
3 0.4953125 0.87109375 0.11875 0.065625
3 0.11171875 0.58125 0.0625 0.0390625
3 0.11484375 0.64765625 0.053125 0.0484375
3 0.259375 0.9328125 0.05 0.025
3 0.0828125 0.81015625 0.0515625 0.0328125
3 0.12265625 0.17109375 0.078125 0.053125
3 0.121875 0.28046875 0.0625 0.0671875
1 0.70390625 0.31328125 0.08125 0.1265625
1 0.203125 0.16953125 0.034375 0.071875
1 0.1640625 0.28125 0.03125 0.0640625
1 0.165625 0.5875 0.03125 0.053125
1 0.1625 0.65546875 0.0375 0.053125
1 0.5796875 0.771875 0.075 0.084375
1 0.5484375 0.87109375 0.071875 0.05625
0 0.92734375 0.1796875 0.1453125 0.175
0 0.80703125 0.7953125 0.2515625 0.16875
0 0.65546875 0.89765625 0.2140625 0.0765625
0 0.49921875 0.98046875 0.2125 0.0390625
0 0.2375 0.91015625 0.06875 0.028125
0 0.31953125 0.76171875 0.0984375 0.0671875
0 0.340625 0.6984375 0.05625 0.05
0 0.26328125 0.61796875 0.121875 0.065625
0 0.26484375 0.69375 0.1359375 0.0640625
0 0.253125 0.39453125 0.1796875 0.0875
0 0.290625 0.2625 0.1640625 0.0984375
0 0.31015625 0.1671875 0.1140625 0.090625
0 0.02890625 0.178125 0.05625 0.0578125
5 0.5921875 0.78671875 0.08125 0.021875
2 0.6125 0.61953125 0.090625 0.08125