3 0.47265625 0.1578125 0.0671875 0.15625
3 0.5921875 0.05859375 0.0515625 0.10625
3 0.97734375 0.27890625 0.028125 0.128125
3 0.9546875 0.3734375 0.0375 0.146875
3 0.91171875 0.49453125 0.0625 0.178125
4 0.6171875 0.6765625 0.159375 0.25625
4 0.74140625 0.4703125 0.23125 0.30625
4 0.828125 0.2859375 0.09375 0.2609375
4 0.88671875 0.20078125 0.071875 0.1875
4 0.8078125 0.15390625 0.11875 0.30625
4 0.73828125 0.08828125 0.0984375 0.1625
4 0.16171875 0.240625 0.115625 0.38125
4 0.08125 0.29765625 0.0734375 0.2875
4 0.20859375 0.115625 0.0421875 0.159375
0 0.21796875 0.22734375 0.0375 0.15
0 0.58125 0.60078125 0.128125 0.18125
0 0.63828125 0.45390625 0.059375 0.1625
0 0.52890625 0.38046875 0.159375 0.3921875
0 0.734375 0.23359375 0.08125 0.240625
0 0.7984375 0.38515625 0.09375 0.234375
0 0.01796875 0.434375 0.034375 0.178125
3 0.04140625 0.5625 0.0296875 0.084375
3 0.01484375 0.2328125 0.028125 0.109375
1 0.4953125 0.2203125 0.06875 0.08125
1 0.90546875 0.4453125 0.05625 0.13125
1 0.93828125 0.32109375 0.046875 0.078125
1 0.6109375 0.1234375 0.0625 0.0546875
1 0.1984375 0.1125 0.034375 0.0515625