4 0.45234375 0.765625 0.23125 0.1625
4 0.90546875 0.73046875 0.18125 0.121875
4 0.903125 0.12890625 0.18125 0.06875
3 0.95859375 0.55703125 0.0828125 0.05
3 0.8640625 0.42890625 0.165625 0.078125
3 0.9359375 0.09609375 0.128125 0.071875
3 0.73125 0.98203125 0.1203125 0.0359375
3 0.60703125 0.9546875 0.178125 0.0515625
3 0.4625 0.90546875 0.140625 0.05625
0 0.6453125 0.565625 0.49375 0.171875
0 0.4234375 0.4140625 0.3625 0.115625
0 0.26171875 0.61875 0.321875 0.1546875
0 0.48125 0.66328125 0.21875 0.0671875
0 0.65859375 0.72890625 0.28125 0.13125
0 0.72109375 0.84765625 0.29375 0.1171875
0 0.79453125 0.73515625 0.190625 0.109375
0 0.7859375 0.13125 0.24375 0.065625
1 0.903125 0.5796875 0.075 0.0625
1 0.7890625 0.44765625 0.0890625 0.06875
1 0.55 0.9125 0.15625 0.06875
1 0.675 0.9421875 0.0890625 0.0453125