0 0.2546875 0.4046875 0.265625 0.103125
0 0.20625 0.26171875 0.071875 0.078125
0 0.20703125 0.55546875 0.234375 0.0953125
0 0.1875 0.62734375 0.2234375 0.0671875
0 0.17734375 0.91875 0.115625 0.04375
0 0.12890625 0.72421875 0.05625 0.078125
0 0.79609375 0.87734375 0.28125 0.15
3 0.08125 0.83046875 0.0703125 0.0484375
3 0.0859375 0.48203125 0.078125 0.0484375
3 0.1265625 0.3328125 0.0734375 0.05
3 0.16953125 0.21640625 0.05625 0.05
4 0.1515625 0.39375 0.2921875 0.1
4 0.14140625 0.25859375 0.128125 0.078125