0 0.7515625 0.64375 0.1234375 0.340625
0 0.96953125 0.5984375 0.0609375 0.23125
0 0.8734375 0.41328125 0.05078125 0.24296875
0 0.8359375 0.47578125 0.05234375 0.22109375
0 0.4125 0.88671875 0.21796875 0.2265625
3 0.36875 0.440625 0.10234375 0.15
3 0.553125 0.36484375 0.05703125 0.1375
3 0.69765625 0.30234375 0.05625 0.0984375
3 0.7578125 0.28046875 0.028125 0.10859375
3 0.4484375 0.3875 0.0640625 0.18359375
3 0.7203125 0.2546875 0.02421875 0.059375
3 0.6828125 0.2921875 0.04453125 0.140625
3 0.4640625 0.18359375 0.0375 0.06953125
3 0.4109375 0.21796875 0.04140625 0.05546875
3 0.3875 0.21328125 0.034375 0.06796875
3 0.1640625 0.27109375 0.06015625 0.096875
3 0.05625 0.56953125 0.1125 0.1890625
3 0.1890625 0.54375 0.13671875 0.2125
3 0.07109375 0.321875 0.053125 0.1
3 0.3265625 0.4421875 0.0875 0.1734375
3 0.2375 0.1625 0.03046875 0.0390625
3 0.29375 0.146875 0.03671875 0.04453125
4 0.1015625 0.83203125 0.19921875 0.33359375
4 0.1015625 0.43359375 0.08671875 0.1609375
4 0.23984375 0.38125 0.0875 0.159375
4 0.36640625 0.3140625 0.0953125 0.09453125
4 0.51875 0.225 0.0578125 0.15859375
4 0.55234375 0.159375 0.034375 0.0890625
4 0.6 0.275 0.05390625 0.125
4 0.65 0.2359375 0.03984375 0.15
4 0.6859375 0.20625 0.02265625 0.06796875
4 0.825 0.2890625 0.05078125 0.1
4 0.8078125 0.34453125 0.06015625 0.128125
4 0.765625 0.40234375 0.109375 0.17109375
4 0.11953125 0.334375 0.0609375 0.11953125
4 0.215625 0.21796875 0.04921875 0.1
4 0.26875 0.15 0.03359375 0.0640625
4 0.01796875 0.4625 0.0359375 0.13046875
0 0.25234375 0.24609375 0.0359375 0.14140625
0 0.2875 0.2421875 0.03515625 0.140625
0 0.52734375 0.26328125 0.0515625 0.10390625
0 0.57265625 0.2390625 0.0375 0.0859375
0 0.16796875 0.38515625 0.071875 0.0625
1 0.24296875 0.7078125 0.153125 0.15703125
1 0.4171875 0.57265625 0.13046875 0.11796875
1 0.5796875 0.478125 0.09375 0.06953125
1 0.746875 0.37265625 0.0375 0.04609375
1 0.01875 0.865625 0.03359375 0.11640625
1 0.178125 0.334375 0.05390625 0.0234375
1 0.64453125 0.31328125 0.0265625 0.04296875
1 0.4828125 0.221875 0.03359375 0.025
1 0.41328125 0.24375 0.0328125 0.0234375