4 0.71640625 0.17890625 0.084375 0.1421875
4 0.8375 0.40078125 0.0984375 0.125
4 0.68203125 0.35390625 0.10625 0.1296875
4 0.5359375 0.31875 0.103125 0.15625
4 0.18046875 0.66796875 0.0875 0.265625
4 0.27109375 0.75390625 0.146875 0.3828125
4 0.64609375 0.0171875 0.028125 0.03125
4 0.184375 0.0953125 0.03125 0.040625
0 0.68828125 0.9046875 0.178125 0.190625
0 0.82421875 0.3265625 0.1015625 0.1703125
0 0.7234375 0.2859375 0.0984375 0.14375
0 0.6140625 0.29296875 0.0859375 0.1875
0 0.5203125 0.246875 0.090625 0.15625
0 0.396875 0.23515625 0.075 0.178125
0 0.4296875 0.3140625 0.096875 0.146875
0 0.321875 0.3421875 0.090625 0.071875
0 0.24921875 0.32578125 0.053125 0.09375
0 0.31328125 0.278125 0.084375 0.134375
0 0.1765625 0.2140625 0.025 0.115625
0 0.1109375 0.2328125 0.028125 0.08125
0 0.328125 0.8296875 0.146875 0.340625
0 0.18515625 0.7796875 0.1265625 0.234375
0 0.02734375 0.49296875 0.0546875 0.2
3 0.68828125 0.60703125 0.103125 0.1328125
3 0.82265625 0.13125 0.05 0.078125
3 0.71328125 0.11953125 0.0625 0.065625
3 0.41171875 0.11875 0.015625 0.05625
3 0.3546875 0.11953125 0.046875 0.05625
3 0.07734375 0.25703125 0.025 0.05625
3 0.23984375 0.48984375 0.05625 0.1125
3 0.13671875 0.48359375 0.0625 0.121875
1 0.8265625 0.2015625 0.06875 0.04375
1 0.68046875 0.7015625 0.1203125 0.0796875
1 0.228125 0.57109375 0.071875 0.078125
1 0.3515625 0.1578125 0.05 0.04375
2 0.38125 0.61171875 0.0796875 0.08125
5 0.28125 0.59296875 0.025 0.0375