4 0.63125 0.284375 0.090625 0.159375
4 0.7390625 0.24140625 0.0453125 0.10859375
4 0.765625 0.403125 0.06484375 0.2
4 0.86015625 0.29453125 0.04375 0.103125
4 0.9734375 0.3984375 0.03203125 0.09140625
4 0.97421875 0.51015625 0.0515625 0.1609375
4 0.8953125 0.709375 0.14609375 0.3265625
4 0.5734375 0.48203125 0.20234375 0.25859375
4 0.36875 0.378125 0.084375 0.2015625
4 0.5078125 0.24375 0.07265625 0.12890625
4 0.628125 0.18125 0.0421875 0.090625
4 0.159375 0.465625 0.09765625 0.228125
4 0.053125 0.515625 0.1 0.171875
4 0.13515625 0.78984375 0.1765625 0.2734375
3 0.121875 0.38125 0.0625 0.11796875
3 0.32109375 0.309375 0.0578125 0.11640625
3 0.46796875 0.203125 0.040625 0.0484375
3 0.5859375 0.16953125 0.028125 0.05546875
3 0.5203125 0.39765625 0.06640625 0.134375
3 0.04765625 0.64140625 0.078125 0.19140625
3 0.9890625 0.709375 0.02109375 0.140625
1 0.9609375 0.7828125 0.04765625 0.1265625
1 0.34296875 0.590625 0.0703125 0.071875
1 0.5265625 0.48828125 0.08359375 0.0515625
1 0.3359375 0.3875 0.04921875 0.04140625
1 0.5546875 0.21796875 0.03125 0.03359375
1 0.4796875 0.246875 0.0453125 0.0234375
0 0.44375 0.7125 0.140625 0.41640625
0 0.590625 0.6484375 0.15 0.38359375
0 0.8140625 0.790625 0.06484375 0.37109375
0 0.91484375 0.51875 0.065625 0.18203125
0 0.8671875 0.39921875 0.06640625 0.159375
0 0.7828125 0.53125 0.0875 0.27890625
0 0.69921875 0.2453125 0.0390625 0.0515625
0 0.2046875 0.51875 0.09140625 0.1625
0 0.3984375 0.43125 0.08359375 0.1234375
3 0.5484375 0.17421875 0.0328125 0.06796875
0 0.95390625 0.40390625 0.0296875 0.09453125