0 0.36015625 0.80234375 0.1828125 0.3953125
0 0.59375 0.6375 0.14921875 0.36640625
0 0.7796875 0.521875 0.07734375 0.2625
0 0.8546875 0.46015625 0.05078125 0.234375
0 0.9 0.3921875 0.03515625 0.14609375
0 0.9609375 0.40546875 0.0359375 0.10859375
0 0.9390625 0.53203125 0.02421875 0.1640625
0 0.803125 0.796875 0.084375 0.34453125
0 0.53359375 0.9171875 0.1203125 0.165625
0 0.1546875 0.88125 0.16171875 0.20703125
0 0.196875 0.515625 0.12421875 0.15546875
0 0.3953125 0.41875 0.1015625 0.09296875
0 0.5140625 0.30390625 0.07890625 0.121875
0 0.6515625 0.2234375 0.0296875 0.04453125
0 0.70234375 0.2390625 0.021875 0.06640625
4 0.63046875 0.27890625 0.0671875 0.16640625
4 0.63125 0.18671875 0.05234375 0.0875
4 0.73125 0.2453125 0.03046875 0.11796875
4 0.76015625 0.42265625 0.0984375 0.2765625
4 0.9125 0.7234375 0.15859375 0.31953125
4 0.97109375 0.54296875 0.0578125 0.2359375
4 0.984375 0.40390625 0.03046875 0.13046875
4 0.559375 0.52578125 0.15078125 0.390625
4 0.1125 0.75390625 0.1375 0.26953125
4 0.15859375 0.47265625 0.0859375 0.2515625
4 0.015625 0.5578125 0.03046875 0.0765625
4 0.3625 0.34453125 0.10078125 0.1640625
4 0.51640625 0.2234375 0.0703125 0.10859375
3 0.1234375 0.3796875 0.0609375 0.115625
3 0.009375 0.48828125 0.01640625 0.0734375
3 0.0359375 0.64765625 0.06796875 0.159375
3 0.53125 0.3953125 0.06796875 0.13203125
3 0.321875 0.503125 0.0546875 0.18203125
3 0.321875 0.31171875 0.0625 0.1234375
3 0.46875 0.19765625 0.04609375 0.0625
3 0.5828125 0.1703125 0.0328125 0.05703125
3 0.70703125 0.3421875 0.0484375 0.090625
3 0.8046875 0.26875 0.03671875 0.0765625
3 0.78046875 0.259375 0.03125 0.046875
3 0.68828125 0.3109375 0.0375 0.0859375
3 0.98828125 0.69765625 0.0234375 0.1203125
1 0.965625 0.7921875 0.04375 0.1625
1 0.51875 0.48125 0.05546875 0.05703125
1 0.35546875 0.5890625 0.1 0.0609375
1 0.05625 0.75 0.04296875 0.0890625
5 0.03125 0.81953125 0.0234375 0.05859375
5 0.296875 0.3984375 0.02265625 0.028125
1 0.334375 0.38359375 0.04140625 0.0359375
1 0.4828125 0.246875 0.04765625 0.0265625
1 0.5875 0.203125 0.05390625 0.01796875
1 0.7359375 0.3953125 0.0328125 0.04296875
1 0.83125 0.33828125 0.02890625 0.05390625
1 0.65625 0.346875 0.0328125 0.040625