4 0.8453125 0.61953125 0.0640625 0.0703125
4 0.85625 0.7421875 0.071875 0.059375
4 0.928125 0.79375 0.14375 0.0390625
0 0.4046875 0.7328125 0.3 0.125
0 0.48203125 0.59765625 0.29375 0.115625
0 0.50546875 0.475 0.209375 0.11875
0 0.275 0.51640625 0.3359375 0.1953125
0 0.23984375 0.38203125 0.234375 0.125
0 0.32734375 0.290625 0.2984375 0.10625
4 0.3078125 0.1796875 0.184375 0.06875
0 0.2984375 0.196875 0.23125 0.053125
0 0.7 0.15703125 0.0546875 0.034375
0 0.6609375 0.1265625 0.065625 0.0234375
4 0.7765625 0.25859375 0.090625 0.0203125
3 0.8203125 0.20234375 0.06875 0.0390625
3 0.62734375 0.0828125 0.0546875 0.03125
3 0.7140625 0.7515625 0.1 0.06875
3 0.69375 0.61875 0.109375 0.084375
3 0.69296875 0.5015625 0.090625 0.0625
3 0.68203125 0.41015625 0.084375 0.0703125
0 0.8375 0.8484375 0.0234375 0.046875
0 0.95 0.73359375 0.1 0.075
0 0.1671875 0.7796875 0.221875 0.1703125
0 0.184375 0.91484375 0.2640625 0.13125
0 0.3796875 0.8921875 0.3015625 0.140625
3 0.7078125 0.87109375 0.0796875 0.065625
1 0.628125 0.87734375 0.05 0.08125
1 0.63359375 0.74296875 0.065625 0.096875
1 0.61953125 0.61953125 0.05 0.0890625
1 0.62421875 0.50078125 0.0421875 0.078125
1 0.60546875 0.409375 0.03125 0.059375
0 0.7890625 0.4234375 0.021875 0.021875
1 0.0796875 0.503125 0.0609375 0.1265625
1 0.13671875 0.3046875 0.059375 0.1
1 0.0328125 0.85 0.059375 0.10625
1 0.98671875 0.821875 0.025 0.015625