3 0.14765625 0.4796875 0.1375 0.0671875
3 0.0546875 0.5984375 0.109375 0.05
3 0.2828125 0.97890625 0.0765625 0.0265625
3 0.38984375 0.959375 0.1375 0.0359375
3 0.51328125 0.91640625 0.109375 0.0453125
1 0.446875 0.9171875 0.115625 0.05625
1 0.31484375 0.94921875 0.078125 0.03125
1 0.22109375 0.49765625 0.096875 0.0796875
1 0.11328125 0.61328125 0.059375 0.059375
5 0.134375 0.6390625 0.0296875 0.0265625
4 0.11796875 0.703125 0.215625 0.0921875
4 0.29921875 0.7765625 0.36875 0.1203125
4 0.33828125 0.0671875 0.290625 0.08125
4 0.1171875 0.2046875 0.175 0.0421875
0 0.221875 0.2234375 0.2359375 0.0640625
0 0.3359375 0.11328125 0.290625 0.065625
3 0.2484375 0.0125 0.1375 0.025
3 0.08046875 0.175 0.128125 0.0640625
0 0.66015625 0.603125 0.309375 0.159375
0 0.57109375 0.7125 0.34375 0.1203125
0 0.37421875 0.7640625 0.20625 0.1390625
0 0.36015625 0.57734375 0.334375 0.15
0 0.1125 0.11015625 0.128125 0.05625