4 0.77421875 0.37578125 0.0734375 0.2515625
4 0.32890625 0.6953125 0.165625 0.3734375
4 0.08828125 0.8515625 0.175 0.29140625
4 0.09921875 0.4609375 0.0828125 0.175
4 0.2421875 0.3765625 0.07578125 0.1609375
4 0.3671875 0.315625 0.07734375 0.115625
4 0.55546875 0.209375 0.0515625 0.109375
4 0.5953125 0.2703125 0.04921875 0.12890625
4 0.6859375 0.21171875 0.03359375 0.0375
4 0.490625 0.19140625 0.05390625 0.103125
4 0.55 0.15 0.03046875 0.0609375
4 0.26328125 0.15390625 0.040625 0.0640625
4 0.3125 0.15859375 0.02734375 0.078125
4 0.2125 0.2296875 0.04375 0.09296875
4 0.2125 0.1578125 0.03046875 0.0515625
4 0.1265625 0.33984375 0.04921875 0.1234375
4 0.175 0.303125 0.0578125 0.1234375
4 0.015625 0.45078125 0.03046875 0.16796875
0 0.85390625 0.45 0.0734375 0.25859375
0 0.60625 0.71640625 0.17734375 0.40546875
0 0.3296875 0.88828125 0.19140625 0.2234375
0 0.18125 0.390625 0.05234375 0.053125
0 0.25234375 0.22734375 0.0265625 0.115625
0 0.284375 0.26015625 0.0375 0.16796875
0 0.5140625 0.2765625 0.053125 0.09140625
0 0.55625 0.2875 0.0234375 0.046875
0 0.971875 0.6046875 0.05625 0.2515625
3 0.1890625 0.5640625 0.1390625 0.20546875
3 0.3703125 0.4484375 0.1 0.125
3 0.4546875 0.36953125 0.071875 0.13046875
3 0.5515625 0.37109375 0.06640625 0.128125
3 0.7015625 0.30234375 0.04609375 0.10703125
3 0.75390625 0.26875 0.0265625 0.0984375
3 0.80078125 0.2421875 0.0359375 0.07109375
3 0.68125 0.28046875 0.04921875 0.125
3 0.4640625 0.17890625 0.03828125 0.05546875
3 0.4046875 0.21328125 0.04375 0.05390625
3 0.38671875 0.20546875 0.0375 0.05859375
3 0.06796875 0.31953125 0.0515625 0.09140625
3 0.1890625 0.17578125 0.02265625 0.059375
3 0.2375 0.1578125 0.02578125 0.04609375
3 0.2953125 0.14453125 0.03515625 0.0609375
3 0.0609375 0.565625 0.10078125 0.15390625
3 0.1890625 0.446875 0.1125 0.0734375
3 0.328125 0.3921875 0.09296875 0.0734375
0 0.4515625 0.2546875 0.04921875 0.1015625
5 0.2734375 0.68828125 0.04765625 0.09609375
1 0.2140625 0.72109375 0.09140625 0.1140625
1 0.01328125 0.878125 0.0265625 0.09609375
1 0.409375 0.5703125 0.10078125 0.07109375
1 0.5828125 0.47734375 0.08515625 0.0484375
1 0.73359375 0.365625 0.034375 0.0390625
1 0.63828125 0.3140625 0.040625 0.04140625