4 0.32109375 0.115625 0.0890625 0.19453125
4 0.146875 0.209375 0.0703125 0.21640625
4 0.19296875 0.309375 0.090625 0.303125
4 0.2296875 0.490625 0.21796875 0.36640625
4 0.37890625 0.62109375 0.1546875 0.346875
4 0.79609375 0.196875 0.084375 0.3484375
3 0.52734375 0.15390625 0.0734375 0.15
3 0.4078125 0.05546875 0.05078125 0.1109375
3 0.0328125 0.26484375 0.028125 0.09609375
3 0.0484375 0.37109375 0.04375 0.128125
3 0.0953125 0.5078125 0.05859375 0.15390625
3 0.2359375 0.32265625 0.053125 0.184375
3 0.20625 0.19921875 0.025 0.07109375
3 0.321875 0.25234375 0.11484375 0.27109375
3 0.525 0.415625 0.14921875 0.40859375
3 0.471875 0.6421875 0.0734375 0.2125
3 0.3453125 0.5171875 0.05390625 0.2515625
3 0.96484375 0.42265625 0.0703125 0.1796875
4 0.98203125 0.30859375 0.0359375 0.09140625
3 0.98125 0.221875 0.0375 0.08046875
3 0.81640625 0.0921875 0.0828125 0.109375
0 0.8859375 0.13203125 0.05234375 0.175
1 0.09609375 0.45703125 0.0703125 0.1359375
1 0.071875 0.321875 0.0328125 0.09296875
1 0.5046875 0.21640625 0.09375 0.103125
1 0.3703125 0.125 0.04296875 0.05546875
5 0.090625 0.34453125 0.03671875 0.04140625