0 0.31171875 0.90390625 0.1765625 0.1921875
0 0.60078125 0.8765625 0.165625 0.246875
0 0.8 0.7953125 0.1625 0.240625
0 0.68984375 0.334375 0.05625 0.0546875
0 0.75234375 0.31875 0.053125 0.0765625
0 0.821875 0.24765625 0.03125 0.171875
0 0.89375 0.23203125 0.0203125 0.053125
3 0.92421875 0.2546875 0.028125 0.0625
0 0.47734375 0.2359375 0.0890625 0.140625
0 0.28984375 0.340625 0.05 0.1421875
0 0.30078125 0.23203125 0.075 0.109375
0 0.20234375 0.28515625 0.075 0.16875
0 0.19609375 0.38515625 0.0515625 0.0953125
0 0.5734375 0.3171875 0.0984375 0.13125
0 0.596875 0.1984375 0.05625 0.103125
0 0.68125 0.27265625 0.09375 0.1171875
3 0.28671875 0.121875 0.0625 0.0640625
3 0.1765625 0.12890625 0.059375 0.0765625
3 0.56953125 0.115625 0.053125 0.05625
3 0.646875 0.11875 0.040625 0.053125
3 0.8015625 0.0828125 0.034375 0.046875
0 0.94765625 0.31171875 0.025 0.03125
3 0.76328125 0.4875 0.0484375 0.0875
3 0.86484375 0.48671875 0.059375 0.1125
3 0.3203125 0.60234375 0.096875 0.109375
1 0.31796875 0.69921875 0.1171875 0.08125
1 0.7703125 0.56875 0.0796875 0.071875
1 0.871875 0.5484375 0.0484375 0.06875
1 0.64765625 0.15625 0.0546875 0.0359375
1 0.55703125 0.1609375 0.021875 0.0375
1 0.16953125 0.20390625 0.065625 0.03125
2 0.61875 0.6046875 0.084375 0.08125
4 0.33046875 0.34921875 0.075 0.128125
4 0.47109375 0.31953125 0.1125 0.1375
4 0.15859375 0.3734375 0.084375 0.134375
4 0.80546875 0.66484375 0.1296875 0.29375
4 0.58203125 0.021875 0.034375 0.034375
0 0.1921875 0.02578125 0.0625 0.0515625
0 0.2640625 0.01796875 0.065625 0.0359375
0 0.33046875 0.01640625 0.0515625 0.0328125
0 0.803125 0.96015625 0.078125 0.0796875
0 0.95 0.93359375 0.075 0.1328125
0 0.97890625 0.4890625 0.040625 0.2
5 0.72265625 0.59921875 0.03125 0.05