4 0.83984375 0.73515625 0.171875 0.09375
4 0.89140625 0.6015625 0.1546875 0.0890625
4 0.87890625 0.4546875 0.165625 0.0703125
3 0.91640625 0.50625 0.0875 0.04375
3 0.8796875 0.65078125 0.06875 0.05
0 0.81171875 0.37109375 0.20625 0.0875
0 0.7859375 0.45 0.225 0.084375
0 0.7453125 0.58828125 0.271875 0.0796875
0 0.80859375 0.71875 0.059375 0.084375
0 0.87890625 0.27265625 0.0640625 0.06875
0 0.228125 0.12421875 0.221875 0.10625
0 0.0328125 0.15390625 0.065625 0.109375
0 0.30625 0.05625 0.0640625 0.046875