4 0.175 0.26015625 0.146875 0.0875
4 0.40546875 0.134375 0.13125 0.103125
4 0.35703125 0.2953125 0.134375 0.109375
4 0.3203125 0.44765625 0.1625 0.10625
4 0.6828125 0.81640625 0.275 0.090625
4 0.77265625 0.72265625 0.396875 0.153125
4 0.0125 0.3328125 0.025 0.0296875
4 0.0890625 0.81171875 0.0421875 0.0328125
0 0.91484375 0.28984375 0.16875 0.184375
0 0.32890625 0.14765625 0.1765625 0.10625
0 0.2859375 0.25234375 0.15 0.103125
0 0.29453125 0.365625 0.19375 0.0890625
0 0.24609375 0.46328125 0.1625 0.09375
0 0.234375 0.59140625 0.184375 0.078125
0 0.315625 0.55703125 0.153125 0.1
0 0.3453125 0.66953125 0.075 0.09375
0 0.328125 0.74453125 0.096875 0.05625
0 0.278125 0.67890625 0.1390625 0.0875
0 0.21171875 0.81953125 0.11875 0.025
0 0.23125 0.8875 0.084375 0.028125
0 0.83671875 0.6625 0.325 0.153125
0 0.79921875 0.8109375 0.2421875 0.13125
0 0.50078125 0.97265625 0.2078125 0.0546875
3 0.61953125 0.28984375 0.1375 0.10625
3 0.12578125 0.15 0.08125 0.053125
3 0.1140625 0.26328125 0.06875 0.0640625
3 0.11328125 0.57578125 0.0578125 0.015625
3 0.1140625 0.63515625 0.059375 0.05
3 0.25625 0.92265625 0.0578125 0.0265625
3 0.4984375 0.75390625 0.115625 0.059375
3 0.49140625 0.86171875 0.128125 0.0640625
1 0.19921875 0.14609375 0.0453125 0.071875
1 0.71796875 0.29765625 0.0828125 0.125
1 0.5828125 0.76640625 0.08125 0.075
1 0.15390625 0.63828125 0.046875 0.053125
2 0.625 0.6078125 0.084375 0.08125
5 0.6046875 0.71171875 0.0390625 0.0265625