4 0.28671875 0.178125 0.0828125 0.14140625
4 0.165625 0.3984375 0.09765625 0.125
4 0.3203125 0.35234375 0.10546875 0.12890625
4 0.465625 0.31640625 0.10234375 0.15546875
4 0.81875 0.6640625 0.08671875 0.2640625
4 0.7296875 0.75 0.14609375 0.38046875
4 0.35625 0.0171875 0.028125 0.03203125
4 0.815625 0.0953125 0.03203125 0.040625
0 0.31484375 0.90234375 0.1765625 0.1953125
0 0.1796875 0.325 0.10078125 0.16953125
0 0.2796875 0.284375 0.09765625 0.14296875
0 0.3875 0.29140625 0.08515625 0.1859375
0 0.48125 0.24609375 0.090625 0.15546875
0 0.6046875 0.234375 0.07421875 0.1765625
0 0.57109375 0.3125 0.096875 0.146875
0 0.67890625 0.340625 0.0890625 0.071875
0 0.75078125 0.32421875 0.053125 0.09296875
0 0.6875 0.2765625 0.0828125 0.13359375
0 0.82265625 0.2125 0.025 0.1140625
0 0.8875 0.23125 0.02734375 0.08203125
0 0.67109375 0.82734375 0.1453125 0.3453125
0 0.8140625 0.77578125 0.12578125 0.23203125
0 0.971875 0.490625 0.05625 0.2
3 0.31484375 0.603125 0.1015625 0.13203125
3 0.18125 0.13046875 0.05 0.078125
3 0.2890625 0.11875 0.06171875 0.065625
3 0.5890625 0.11796875 0.015625 0.05546875
3 0.64609375 0.11875 0.046875 0.05703125
3 0.921875 0.25546875 0.02578125 0.05546875
3 0.759375 0.4875 0.05703125 0.1109375
3 0.8625 0.48046875 0.06171875 0.121875
1 0.17734375 0.20078125 0.06875 0.04296875
1 0.321875 0.69765625 0.11953125 0.07890625
1 0.771875 0.56796875 0.071875 0.078125
1 0.64921875 0.15703125 0.05 0.04453125
2 0.6203125 0.60859375 0.07890625 0.08046875
5 0.71875 0.58984375 0.02578125 0.0375