3 0.52578125 0.14765625 0.071875 0.13203125
3 0.40625 0.0578125 0.05390625 0.10390625
3 0.028125 0.28125 0.02109375 0.1015625
3 0.04453125 0.37109375 0.0234375 0.0890625
3 0.078125 0.4796875 0.0515625 0.1734375
5 0.15 0.38671875 0.03515625 0.02890625
1 0.06171875 0.309375 0.0359375 0.0875
1 0.096875 0.43984375 0.06328125 0.12109375
1 0.5078125 0.21875 0.0734375 0.08203125
1 0.37578125 0.12578125 0.05625 0.065625
4 0.3453125 0.1125 0.128125 0.21640625
4 0.11875 0.240625 0.10703125 0.22109375
4 0.1875 0.328125 0.11953125 0.25703125
4 0.221875 0.509375 0.215625 0.30390625
4 0.3796875 0.659375 0.165625 0.3109375
0 0.521875 0.415625 0.13828125 0.40390625
0 0.32734375 0.21015625 0.11875 0.209375
0 0.24375 0.2984375 0.0453125 0.1
0 0.3375 0.46953125 0.08359375 0.21640625
0 0.4703125 0.65859375 0.0671875 0.13359375
0 0.7875 0.2453125 0.0546875 0.159375
4 0.7890625 0.11796875 0.0546875 0.096875
3 0.825 0.084375 0.06640625 0.125
0 0.9734375 0.459375 0.05234375 0.178125
3 0.98203125 0.234375 0.0359375 0.09296875