4 0.74296875 0.14375 0.09375 0.171875
4 0.60859375 0.0921875 0.090625 0.15625
4 0.4609375 0.1046875 0.0703125 0.1671875
3 0.5125 0.0671875 0.04375 0.0875
3 0.65859375 0.10390625 0.05 0.0703125
0 0.3765625 0.171875 0.0875 0.20625
0 0.45625 0.19765625 0.084375 0.228125
0 0.5953125 0.2390625 0.08125 0.271875
0 0.7265625 0.17578125 0.084375 0.059375
0 0.27734375 0.1046875 0.06875 0.0640625
0 0.128125 0.759375 0.1078125 0.225
0 0.15703125 0.9609375 0.1109375 0.078125
0 0.06015625 0.68046875 0.0484375 0.0640625