4 0.1953125 0.37890625 0.078125 0.265625
4 0.66484375 0.71640625 0.175 0.39375
4 0.91328125 0.86328125 0.1734375 0.271875
4 0.90703125 0.46953125 0.0875 0.184375
4 0.75546875 0.3796875 0.0796875 0.1703125
4 0.625 0.315625 0.08125 0.121875
4 0.42578125 0.203125 0.0546875 0.115625
4 0.38359375 0.26796875 0.0515625 0.1375
4 0.28828125 0.20625 0.034375 0.040625
4 0.49453125 0.184375 0.05625 0.109375
4 0.43203125 0.140625 0.03125 0.065625
4 0.73359375 0.1453125 0.04375 0.0671875
4 0.6828125 0.14921875 0.028125 0.08125
4 0.7875 0.225 0.046875 0.0984375
4 0.78828125 0.1484375 0.03125 0.053125
4 0.878125 0.340625 0.0515625 0.13125
4 0.82734375 0.303125 0.0609375 0.13125
4 0.98984375 0.45859375 0.0203125 0.178125
0 0.1109375 0.4578125 0.078125 0.271875
0 0.371875 0.7390625 0.1875 0.428125
0 0.6640625 0.90078125 0.2015625 0.196875
0 0.82109375 0.39453125 0.05625 0.05625
0 0.7453125 0.221875 0.028125 0.121875
0 0.71171875 0.25703125 0.040625 0.178125
0 0.46953125 0.27421875 0.05625 0.096875
0 0.425 0.2859375 0.025 0.05
0 0.00859375 0.62109375 0.015625 0.265625
3 0.8125 0.57734375 0.146875 0.2171875
3 0.62109375 0.45625 0.10625 0.13125
3 0.53203125 0.37265625 0.075 0.1375
3 0.4296875 0.37421875 0.0703125 0.134375
3 0.271875 0.3015625 0.0484375 0.1125
3 0.21640625 0.26640625 0.028125 0.103125
3 0.1671875 0.23828125 0.0375 0.075
3 0.29375 0.27890625 0.0515625 0.13125
3 0.52265625 0.171875 0.040625 0.059375
3 0.58515625 0.2078125 0.046875 0.05625
3 0.60390625 0.19921875 0.040625 0.0625
3 0.93984375 0.31953125 0.0546875 0.096875
3 0.81171875 0.16796875 0.025 0.0625
3 0.7609375 0.1484375 0.028125 0.0484375
3 0.7 0.13515625 0.0375 0.065625
3 0.94765625 0.5796875 0.1046875 0.1625
3 0.8125 0.45390625 0.11875 0.078125
3 0.665625 0.396875 0.096875 0.078125
0 0.5359375 0.2515625 0.0515625 0.10625
5 0.7234375 0.70859375 0.05 0.1015625
1 0.7859375 0.74375 0.096875 0.1203125
1 0.99140625 0.91015625 0.015625 0.1015625
1 0.5796875 0.584375 0.10625 0.075
1 0.39765625 0.4859375 0.090625 0.0515625
1 0.23828125 0.36796875 0.0359375 0.040625
1 0.33828125 0.3140625 0.04375 0.04375