4 0.54609375 0.76484375 0.14375 0.10625
4 0.50859375 0.6578125 0.15625 0.0890625
4 0.4859375 0.525 0.146875 0.084375
4 0.465625 0.4 0.2015625 0.075
4 0.17265625 0.496875 0.0953125 0.04375
4 0.2546875 0.528125 0.040625 0.0375
4 0.28203125 0.6171875 0.04375 0.0359375
4 0.31953125 0.79296875 0.075 0.0390625
4 0.09921875 0.75546875 0.053125 0.0265625
4 0.2234375 0.7140625 0.05 0.015625
4 0.76328125 0.0203125 0.1953125 0.040625
4 0.8421875 0.59765625 0.23125 0.134375
3 0.309375 0.31484375 0.0625 0.0375
3 0.35078125 0.46171875 0.0859375 0.05
3 0.32578125 0.375 0.0625 0.05625
3 0.3828125 0.55546875 0.1015625 0.05
3 0.4203125 0.68203125 0.0890625 0.0703125
3 0.46640625 0.7859375 0.0765625 0.059375
3 0.9234375 0.33203125 0.153125 0.0921875
3 0.7953125 0.21171875 0.146875 0.06875
3 0.72421875 0.121875 0.115625 0.0546875
3 0.6625 0.0640625 0.13125 0.03125
3 0.59296875 0.01171875 0.078125 0.0234375
3 0.140625 0.52734375 0.053125 0.0359375
3 0.0796875 0.7140625 0.05625 0.015625
3 0.09765625 0.78203125 0.040625 0.034375
0 0.68046875 0.48671875 0.3125 0.1296875
0 0.58984375 0.19140625 0.165625 0.0921875
3 0.5609375 0.115625 0.053125 0.04375
0 0.52890625 0.28828125 0.259375 0.084375
0 0.5015625 0.21796875 0.20625 0.0609375
0 0.409375 0.2484375 0.1046875 0.0796875
0 0.56796875 0.38203125 0.2859375 0.0953125
0 0.703125 0.4890625 0.340625 0.121875
0 0.615625 0.65546875 0.246875 0.1125
0 0.71796875 0.7546875 0.30625 0.1203125
0 0.9828125 0.1171875 0.034375 0.1734375
0 0.9125 0.0640625 0.128125 0.11875
0 0.8453125 0.00546875 0.1828125 0.009375
0 0.2140625 0.57734375 0.1140625 0.046875
0 0.25234375 0.759375 0.075 0.0625
0 0.2171875 0.48515625 0.0828125 0.04375
0 0.23359375 0.834375 0.165625 0.0421875
1 0.9890625 0.3125 0.021875 0.115625
1 0.81796875 0.10859375 0.1 0.06875
1 0.7484375 0.05546875 0.1 0.04375
1 0.3796875 0.35859375 0.04375 0.05625
1 0.353125 0.309375 0.028125 0.0484375
1 0.4484375 0.54296875 0.040625 0.059375
1 0.53828125 0.77890625 0.053125 0.090625
1 0.49453125 0.67890625 0.053125 0.071875