4 0.42890625 0.16640625 0.1203125 0.096875
4 0.375 0.35078125 0.1375 0.1
4 0.34375 0.50859375 0.165625 0.115625
4 0.32421875 0.63203125 0.159375 0.090625
4 0.175 0.6578125 0.153125 0.0734375
4 0.2078125 0.7359375 0.171875 0.071875
4 0.7171875 0.8828125 0.2984375 0.109375
4 0.20703125 0.9515625 0.084375 0.0359375
4 0.01328125 0.36796875 0.025 0.0265625
4 0.0203125 0.28984375 0.034375 0.028125
3 0.65625 0.334375 0.14375 0.1078125
3 0.53203125 0.82578125 0.1203125 0.0625
3 0.5296875 0.9375 0.128125 0.071875
3 0.1171875 0.625 0.06875 0.0421875
3 0.12109375 0.69609375 0.05625 0.0515625
3 0.27578125 0.99453125 0.053125 0.0109375
3 0.0859375 0.871875 0.05625 0.034375
3 0.12890625 0.18359375 0.0828125 0.05625
3 0.128125 0.3015625 0.065625 0.071875
1 0.7546875 0.33671875 0.0875 0.1375
1 0.215625 0.18203125 0.0375 0.078125
1 0.17421875 0.30234375 0.034375 0.06875
1 0.175 0.63203125 0.034375 0.05625
1 0.171875 0.70546875 0.040625 0.05625
1 0.621875 0.83046875 0.0796875 0.090625
1 0.5875 0.9375 0.0765625 0.0609375
0 0.959375 0.19375 0.08125 0.1890625
0 0.86484375 0.8546875 0.2703125 0.18125
0 0.703125 0.9625 0.23125 0.075
0 0.25234375 0.97890625 0.075 0.0296875
0 0.340625 0.81953125 0.10625 0.0734375
0 0.3640625 0.7515625 0.059375 0.053125
0 0.28046875 0.66484375 0.13125 0.071875
0 0.28203125 0.74609375 0.146875 0.06875
0 0.26953125 0.425 0.19375 0.0953125
0 0.31015625 0.2828125 0.1765625 0.10625
0 0.33046875 0.1796875 0.1234375 0.096875
0 0.02890625 0.190625 0.0578125 0.0625
5 0.634375 0.84609375 0.0875 0.021875
2 0.65625 0.66640625 0.096875 0.0875