4 0.5125 0.78828125 0.09921875 0.24609375
4 0.6734375 0.771875 0.10546875 0.178125
4 0.7828125 0.6453125 0.11015625 0.215625
4 0.3921875 0.41015625 0.08515625 0.15390625
4 0.2734375 0.403125 0.13828125 0.1625
4 0.15234375 0.37578125 0.1015625 0.17890625
4 0.3984375 0.16484375 0.04375 0.08203125
4 0.23046875 0.08203125 0.040625 0.1640625
4 0.11484375 0.046875 0.0359375 0.09375
3 0.3890625 0.3203125 0.084375 0.0875
3 0.1484375 0.3078125 0.0625 0.0734375
3 0.2640625 0.303125 0.06328125 0.0859375
3 0.58359375 0.340625 0.0484375 0.075
3 0.503125 0.31171875 0.06484375 0.084375
3 0.790625 0.19921875 0.03828125 0.0515625
3 0.9078125 0.384375 0.03203125 0.06640625
0 0.865625 0.34140625 0.025 0.05859375
0 0.38828125 0.59375 0.0921875 0.23203125
0 0.2671875 0.596875 0.11640625 0.24140625
0 0.1484375 0.5703125 0.11640625 0.240625
0 0.1 0.79609375 0.12734375 0.25546875
0 0.2125 0.778125 0.1625 0.275
0 0.5 0.76328125 0.1296875 0.27109375
0 0.6375 0.7421875 0.08515625 0.23203125
0 0.728125 0.68671875 0.078125 0.2015625
0 0.4671875 0.18359375 0.07421875 0.06953125
0 0.28671875 0.1734375 0.065625 0.046875
0 0.175 0.1765625 0.04765625 0.03359375
1 0.50546875 0.38359375 0.0734375 0.0359375
1 0.3984375 0.3875 0.08125 0.05
1 0.2796875 0.37265625 0.07734375 0.0515625
1 0.16875 0.3734375 0.034375 0.0359375
1 0.503125 0.915625 0.1234375 0.0359375
1 0.684375 0.84921875 0.0828125 0.05390625
5 0.34296875 0.36953125 0.0265625 0.0359375