0 0.3359375 0.48046875 0.09140625 0.225
0 0.46015625 0.65625 0.06875 0.15390625
0 0.51015625 0.4109375 0.134375 0.403125
0 0.7828125 0.23203125 0.0484375 0.19453125
0 0.9765625 0.4203125 0.04609375 0.209375
0 0.3 0.24296875 0.08359375 0.24453125
0 0.22421875 0.3109375 0.05 0.10546875
0 0.18828125 0.2234375 0.0546875 0.1
3 0.8234375 0.08203125 0.06796875 0.1140625
3 0.9796875 0.23984375 0.03984375 0.1125
3 0.5265625 0.15234375 0.0734375 0.15703125
3 0.409375 0.05546875 0.05546875 0.1109375
3 0.028125 0.26328125 0.03203125 0.090625
3 0.04765625 0.378125 0.04375 0.128125
3 0.0875 0.50546875 0.0609375 0.15
1 0.0984375 0.4484375 0.0484375 0.13046875
1 0.06796875 0.3203125 0.0375 0.0875
1 0.3671875 0.1265625 0.06640625 0.071875
1 0.50625 0.22265625 0.08125 0.09296875
1 0.80546875 0.1265625 0.0515625 0.05859375
4 0.378125 0.68046875 0.13671875 0.24453125
4 0.2171875 0.50234375 0.2296875 0.3125
4 0.153125 0.35 0.1234375 0.275
4 0.1125 0.228125 0.07734375 0.19296875
4 0.3328125 0.10703125 0.14375 0.2140625
4 0.79453125 0.10234375 0.0421875 0.084375
4 0.8828125 0.45546875 0.05234375 0.0859375