4 0.21796875 0.51953125 0.15 0.2125
4 0.25 0.10390625 0.1125 0.1671875
4 0.80234375 0.10546875 0.0625 0.165625
4 0.9890625 0.30703125 0.021875 0.121875
3 0.409375 0.04609375 0.046875 0.0921875
3 0.5265625 0.1421875 0.071875 0.153125
3 0.8328125 0.0671875 0.065625 0.134375
3 0.98671875 0.2234375 0.0265625 0.08125
3 0.01796875 0.26328125 0.034375 0.109375
3 0.04375 0.378125 0.046875 0.1640625
3 0.08984375 0.51015625 0.053125 0.128125
0 0.4015625 0.3421875 0.15625 0.453125
0 0.53984375 0.54609375 0.10625 0.33125
0 0.35234375 0.69453125 0.1421875 0.29375
0 0.31171875 0.49296875 0.0625 0.2
0 0.2515625 0.3296875 0.121875 0.25625
0 0.1421875 0.27265625 0.10625 0.26875
0 0.2453125 0.20546875 0.1 0.175
0 0.8 0.21328125 0.059375 0.225
0 0.965625 0.4390625 0.06875 0.2375
1 0.38828125 0.10546875 0.05625 0.06875
1 0.509375 0.2109375 0.0625 0.08125
1 0.0828125 0.4296875 0.0625 0.14375
1 0.05546875 0.31484375 0.040625 0.08125