4 0.68359375 0.11640625 0.090625 0.196875
4 0.859375 0.21171875 0.071875 0.21875
4 0.8125 0.31328125 0.090625 0.30625
4 0.775 0.49609375 0.2203125 0.371875
4 0.625 0.628125 0.15625 0.35
4 0.203125 0.1984375 0.084375 0.353125
3 0.475 0.15625 0.075 0.1515625
3 0.5953125 0.05625 0.0515625 0.1125
3 0.975 0.2671875 0.028125 0.096875
3 0.95859375 0.375 0.04375 0.128125
3 0.9109375 0.51328125 0.059375 0.15625
3 0.76953125 0.3265625 0.053125 0.1875
3 0.79921875 0.2015625 0.025 0.071875
3 0.68203125 0.2546875 0.115625 0.275
3 0.47734375 0.4203125 0.15 0.4125
3 0.53046875 0.64921875 0.075 0.215625
3 0.65859375 0.5234375 0.0546875 0.253125
3 0.03359375 0.428125 0.0671875 0.1828125
4 0.01640625 0.31171875 0.0328125 0.09375
3 0.0171875 0.225 0.034375 0.08125
3 0.1828125 0.09375 0.084375 0.1109375
0 0.11171875 0.13359375 0.053125 0.178125
1 0.9109375 0.46171875 0.071875 0.1375
1 0.93515625 0.325 0.0328125 0.09375
1 0.49765625 0.21875 0.09375 0.103125
1 0.6328125 0.1265625 0.04375 0.05625
5 0.915625 0.3484375 0.0375 0.0421875