3 0.1265625 0.53671875 0.1359375 0.075
3 0.04375 0.41484375 0.0875 0.05625
3 0.26328125 0.02578125 0.103125 0.021875
3 0.35546875 0.0421875 0.090625 0.025
3 0.46796875 0.07734375 0.178125 0.053125
5 0.371875 0.1515625 0.0296875 0.0359375
1 0.2921875 0.06015625 0.090625 0.0375
1 0.4265625 0.096875 0.125 0.065625
1 0.19921875 0.51875 0.084375 0.075
1 0.10390625 0.3828125 0.0671875 0.0578125
4 0.10078125 0.3515625 0.2015625 0.13125
4 0.221875 0.11875 0.228125 0.109375
4 0.3125 0.18984375 0.2640625 0.121875
4 0.49765625 0.225 0.3125 0.221875
4 0.653125 0.38671875 0.3203125 0.1703125
0 0.40234375 0.53359375 0.415625 0.1421875
0 0.190625 0.3328125 0.215625 0.121875
0 0.28125 0.246875 0.103125 0.046875
0 0.45703125 0.34375 0.221875 0.0859375
0 0.6515625 0.4796875 0.1375 0.06875
0 0.2265625 0.80546875 0.1640625 0.05625
4 0.09609375 0.80703125 0.1 0.05625
3 0.0625 0.84375 0.125 0.06875
0 0.446875 0.984375 0.1828125 0.03125
3 0.21484375 0.99375 0.096875 0.0125