4 0.39140625 0.1734375 0.0671875 0.0609375
4 0.275 0.1625 0.05703125 0.06953125
4 0.225 0.08125 0.03671875 0.1625
0 0.2828125 0.5953125 0.11953125 0.2875
0 0.4125 0.521875 0.1109375 0.28203125
0 0.5296875 0.4984375 0.11484375 0.2
0 0.490625 0.71953125 0.18671875 0.321875
0 0.61875 0.753125 0.11953125 0.2234375
0 0.70625 0.66953125 0.10078125 0.2859375
4 0.8125 0.68828125 0.06484375 0.1765625
0 0.796875 0.696875 0.05078125 0.221875
0 0.834375 0.3125 0.03203125 0.053125
0 0.8640625 0.35 0.02265625 0.0640625
4 0.7375 0.2390625 0.01953125 0.0859375
3 0.79140625 0.196875 0.0375 0.06640625
3 0.90625 0.38203125 0.02890625 0.053125
3 0.265625 0.29921875 0.06484375 0.09609375
3 0.3921875 0.31875 0.08125 0.10390625
3 0.5046875 0.31953125 0.06015625 0.0859375
3 0.5921875 0.3296875 0.0671875 0.08203125
0 0.171875 0.18046875 0.04453125 0.021875
0 0.28203125 0.06015625 0.0703125 0.1203125
0 0.2390625 0.82265625 0.16328125 0.2125
0 0.109375 0.80703125 0.12578125 0.253125
0 0.13125 0.61953125 0.13359375 0.2890625
3 0.15078125 0.3046875 0.0625 0.0765625
1 0.1453125 0.38125 0.07734375 0.0484375
1 0.2734375 0.3765625 0.0921875 0.0640625
1 0.3921875 0.38984375 0.08515625 0.0484375
1 0.50625 0.38515625 0.07421875 0.040625
1 0.59375 0.403125 0.05703125 0.03046875
0 0.5796875 0.22734375 0.0203125 0.02109375
1 0.503125 0.90703125 0.12109375 0.05859375
1 0.69375 0.85234375 0.09609375 0.05703125
1 0.17109375 0.95234375 0.1015625 0.05703125
1 0.19765625 0.02578125 0.015625 0.0484375