3 0.6421875 0.97265625 0.16875 0.0546875
3 0.365625 0.9015625 0.121875 0.0609375
3 0.29140625 0.69453125 0.1078125 0.0625
3 0.17578125 0.54140625 0.059375 0.040625
3 0.1421875 0.41953125 0.0625 0.034375
3 0.153125 0.46015625 0.0625 0.03125
3 0.38046875 0.475 0.1265625 0.0671875
3 0.50078125 0.69296875 0.190625 0.053125
3 0.3109375 0.290625 0.0875 0.03125
3 0.29765625 0.309375 0.096875 0.046875
3 0.259375 0.21015625 0.0625 0.025
3 0.2484375 0.1875 0.06875 0.015625
3 0.7015625 0.009375 0.1703125 0.01875
4 0.746875 0.87890625 0.353125 0.1703125
4 0.534375 0.43359375 0.49375 0.1421875
4 0.23515625 0.37265625 0.190625 0.0859375
4 0.15703125 0.3703125 0.103125 0.0375
4 0.19921875 0.29296875 0.221875 0.0640625
4 0.71640625 0.08203125 0.384375 0.146875
4 0.49296875 0.02109375 0.153125 0.0421875
4 0.3890625 0.01328125 0.134375 0.0265625
4 0.96953125 0.28515625 0.059375 0.1828125
4 0.346875 0.6390625 0.19375 0.0703125
4 0.446875 0.846875 0.2078125 0.0921875
4 0.23125 0.50546875 0.140625 0.0796875
0 0.5125 0.8234375 0.18125 0.1046875
0 0.41484375 0.62265625 0.1328125 0.0875
0 0.31953125 0.4984375 0.14375 0.0875
0 0.38203125 0.12578125 0.171875 0.0890625
0 0.52265625 0.05625 0.209375 0.05625
0 0.784375 0.16328125 0.3296875 0.05
0 0.9171875 0.4640625 0.165625 0.165625
0 0.79921875 0.6140625 0.4015625 0.203125
0 0.62734375 0.39375 0.421875 0.146875
4 0.46953125 0.23203125 0.3625 0.1046875