0 0.1671875 0.778125 0.12578125 0.328125
0 0.2828125 0.7890625 0.11171875 0.24453125
0 0.484375 0.7640625 0.1453125 0.271875
0 0.6234375 0.75703125 0.14296875 0.21953125
0 0.5953125 0.5328125 0.09765625 0.284375
0 0.4984375 0.5125 0.09609375 0.303125
0 0.28671875 0.534375 0.096875 0.2640625
0 0.15 0.51953125 0.10859375 0.18046875
0 0.3703125 0.18984375 0.05546875 0.034375
0 0.45625 0.18984375 0.06015625 0.065625
0 0.2609375 0.07890625 0.06328125 0.1390625
0 0.846875 0.321875 0.0359375 0.05546875
3 0.90625 0.3796875 0.02890625 0.0625
3 0.50703125 0.31640625 0.065625 0.0859375
3 0.590625 0.328125 0.06796875 0.0875
3 0.39140625 0.3234375 0.0859375 0.103125
3 0.26484375 0.30078125 0.06875 0.1015625
3 0.14921875 0.30078125 0.0640625 0.0734375
3 0.79296875 0.196875 0.0328125 0.05
3 0.7609375 0.18515625 0.02890625 0.05390625
1 0.1375 0.03203125 0.02109375 0.04453125
1 0.14921875 0.38125 0.084375 0.04609375
1 0.27578125 0.3796875 0.08125 0.0484375
1 0.3890625 0.390625 0.08828125 0.0484375
1 0.528125 0.378125 0.02890625 0.034375
1 0.59453125 0.3984375 0.0640625 0.0390625
1 0.6890625 0.8625 0.09765625 0.05859375
1 0.5078125 0.92265625 0.1171875 0.0375
1 0.16875 0.95 0.10078125 0.05546875
0 0.4 0.46796875 0.090625 0.0609375
4 0.3921875 0.6734375 0.11953125 0.45859375
4 0.284375 0.16796875 0.0515625 0.078125
5 0.3421875 0.94921875 0.03984375 0.0515625