0 0.5015625 0.3265625 0.2375 0.096875
0 0.315625 0.45703125 0.1625 0.071875
0 0.575 0.51015625 0.425 0.140625
0 0.7640625 0.79765625 0.20625 0.0515625
0 0.565625 0.9890625 0.221875 0.021875
0 0.75234375 0.28828125 0.2578125 0.0875
0 0.68046875 0.20859375 0.1125 0.053125
0 0.77265625 0.1703125 0.10625 0.0578125
3 0.92265625 0.840625 0.1203125 0.071875
3 0.75625 0.9921875 0.11875 0.015625
3 0.8484375 0.52734375 0.165625 0.078125
3 0.94609375 0.403125 0.1078125 0.059375
3 0.73125 0.009375 0.0953125 0.01875
3 0.61015625 0.02265625 0.134375 0.0453125
3 0.475 0.0640625 0.159375 0.0640625
1 0.53515625 0.07578125 0.1375 0.05
1 0.67109375 0.04375 0.0921875 0.040625
1 0.875 0.359375 0.0765625 0.0703125
1 0.7734375 0.50546875 0.0984375 0.0859375
1 0.875 0.82109375 0.0625 0.0546875
4 0.290625 0.37109375 0.2578125 0.14375
4 0.47890625 0.20078125 0.3296875 0.2421875
4 0.6390625 0.13359375 0.290625 0.13125
4 0.76796875 0.09140625 0.203125 0.08125
4 0.89140625 0.32265625 0.2171875 0.1515625
4 0.90078125 0.809375 0.0890625 0.0453125
4 0.528125 0.903125 0.090625 0.05625