0 0.6046875 0.71640625 0.18359375 0.41953125
0 0.3234375 0.88984375 0.234375 0.2203125
0 0.515625 0.27265625 0.07265625 0.08203125
0 0.8734375 0.378125 0.04609375 0.15
0 0.7984375 0.50703125 0.1109375 0.2890625
0 0.9640625 0.590625 0.07109375 0.24609375
0 0.57421875 0.22890625 0.0359375 0.075
0 0.1515625 0.38984375 0.04609375 0.07109375
0 0.1921875 0.38125 0.0359375 0.0734375
3 0.1875 0.56484375 0.1328125 0.22109375
3 0.37109375 0.45234375 0.1046875 0.165625
3 0.55390625 0.3828125 0.0625 0.159375
3 0.7 0.296875 0.04453125 0.1
3 0.68125 0.28828125 0.04609375 0.12890625
3 0.7203125 0.2546875 0.01875 0.06796875
3 0.7578125 0.275 0.02421875 0.096875
3 0.784375 0.24296875 0.02109375 0.04453125
3 0.4640625 0.184375 0.0390625 0.071875
3 0.409375 0.2140625 0.04140625 0.05859375
3 0.38828125 0.20625 0.034375 0.065625
3 0.1640625 0.278125 0.0609375 0.08203125
3 0.1921875 0.17265625 0.028125 0.0484375
3 0.071875 0.32890625 0.05234375 0.096875
3 0.29765625 0.14609375 0.0296875 0.0359375
4 0.25859375 0.225 0.075 0.3
4 0.2484375 0.3703125 0.07734375 0.1765625
4 0.103125 0.4703125 0.0671875 0.23203125
4 0.0203125 0.45234375 0.040625 0.2203125
4 0.0859375 0.80859375 0.1609375 0.328125
4 0.2921875 0.69140625 0.21953125 0.325
4 0.8265625 0.30546875 0.04765625 0.1140625
4 0.7796875 0.35234375 0.075 0.240625
4 0.63984375 0.24296875 0.0375 0.15
4 0.678125 0.22109375 0.02734375 0.08359375
4 0.6046875 0.2625 0.03359375 0.1390625
4 0.5671875 0.1703125 0.03515625 0.09609375
4 0.51875 0.19921875 0.04609375 0.134375
4 0.3609375 0.315625 0.08671875 0.14609375
4 0.3125 0.15625 0.03046875 0.11796875
1 0.42109375 0.578125 0.121875 0.1234375
1 0.5828125 0.478125 0.09296875 0.0859375
1 0.7375 0.37578125 0.01640625 0.034375
1 0.6390625 0.31171875 0.0359375 0.04296875
1 0.4828125 0.22265625 0.03359375 0.034375
1 0.4109375 0.24375 0.03515625 0.0265625
1 0.2140625 0.728125 0.10234375 0.14453125
0 0.16640625 0.9328125 0.1734375 0.134375
1 0.17734375 0.33046875 0.0625 0.0359375