3 0.18125 0.125 0.05625 0.08046875
3 0.284375 0.1171875 0.0703125 0.06796875
3 0.5734375 0.11328125 0.04921875 0.059375
3 0.6453125 0.12109375 0.0390625 0.04140625
3 0.925 0.25546875 0.02265625 0.05859375
3 0.80390625 0.08046875 0.034375 0.05546875
3 0.865625 0.484375 0.06328125 0.115625
3 0.76171875 0.4875 0.05 0.1140625
3 0.31953125 0.60078125 0.09375 0.1234375
2 0.61640625 0.603125 0.0796875 0.0859375
4 0.3171875 0.3265625 0.10703125 0.171875
4 0.1765625 0.3765625 0.12265625 0.121875
0 0.16171875 0.290625 0.0984375 0.09609375
4 0.671875 0.17890625 0.06328125 0.1609375
4 0.584375 0.3109375 0.09609375 0.1390625
4 0.8078125 0.66015625 0.10859375 0.27890625
4 0.93359375 0.959375 0.103125 0.08046875
0 0.6171875 0.9 0.1359375 0.2
0 0.8828125 0.9140625 0.1375 0.171875
0 0.9171875 0.72734375 0.10625 0.22890625
0 0.79453125 0.78828125 0.1578125 0.2265625
0 0.7546875 0.31875 0.0734375 0.1015625
0 0.6921875 0.3453125 0.06328125 0.04609375
0 0.67109375 0.2609375 0.075 0.11953125
0 0.496875 0.2546875 0.096875 0.134375
0 0.58671875 0.2171875 0.0671875 0.07109375
0 0.4390625 0.34453125 0.0796875 0.09140625
0 0.384375 0.284375 0.075 0.146875
0 0.265625 0.26640625 0.0609375 0.128125
0 0.884375 0.22421875 0.053125 0.0765625
0 0.3265625 0.0171875 0.0546875 0.02890625
0 0.3953125 0.0171875 0.06328125 0.02890625
0 0.25546875 0.01953125 0.0546875 0.0359375
0 0.190625 0.0328125 0.04765625 0.03203125
4 0.19609375 0.01015625 0.0515625 0.0203125
1 0.3203125 0.69765625 0.12734375 0.08203125
1 0.7625 0.56015625 0.06484375 0.0375
1 0.8640625 0.54921875 0.05625 0.059375
1 0.578125 0.1625 0.05625 0.03359375
1 0.63515625 0.16015625 0.0203125 0.03203125
1 0.175 0.20703125 0.06953125 0.03046875
1 0.30859375 0.16640625 0.01875 0.03359375
5 0.8140625 0.559375 0.02265625 0.053125
0 0.9734375 0.490625 0.053125 0.1640625