0 0.3109375 0.9046875 0.1765625 0.190625
0 0.6 0.8765625 0.165625 0.246875
0 0.79921875 0.796875 0.1625 0.240625
0 0.6890625 0.3359375 0.05625 0.0546875
0 0.7515625 0.3203125 0.053125 0.0765625
0 0.82109375 0.24921875 0.03125 0.171875
0 0.89296875 0.23359375 0.0203125 0.053125
3 0.9234375 0.25625 0.028125 0.0625
0 0.4765625 0.2375 0.0890625 0.140625
0 0.2890625 0.3421875 0.05 0.1421875
0 0.3 0.23359375 0.075 0.109375
0 0.2015625 0.2859375 0.075 0.16875
0 0.1953125 0.38671875 0.0515625 0.0953125
0 0.57265625 0.31875 0.0984375 0.13125
0 0.59609375 0.2 0.05625 0.103125
0 0.68046875 0.2734375 0.09375 0.1171875
3 0.2859375 0.12265625 0.0625 0.0640625
3 0.17578125 0.13046875 0.059375 0.0765625
3 0.56875 0.1171875 0.053125 0.05625
3 0.64609375 0.1203125 0.040625 0.053125
3 0.80078125 0.084375 0.034375 0.046875
0 0.946875 0.3125 0.025 0.03125
3 0.7625 0.4890625 0.0484375 0.0875
3 0.8640625 0.48828125 0.059375 0.1125
3 0.31953125 0.603125 0.096875 0.109375
1 0.3171875 0.70078125 0.1171875 0.08125
1 0.76953125 0.5703125 0.0796875 0.071875
1 0.87109375 0.54921875 0.0484375 0.06875
1 0.646875 0.1578125 0.0546875 0.0359375
1 0.55625 0.1625 0.021875 0.0375
1 0.16875 0.20546875 0.065625 0.03125
2 0.61796875 0.60625 0.084375 0.08125
4 0.3296875 0.35078125 0.075 0.128125
4 0.4703125 0.32109375 0.1125 0.1375
4 0.1578125 0.375 0.084375 0.134375
4 0.8046875 0.66640625 0.1296875 0.29375
4 0.58125 0.02265625 0.034375 0.034375
0 0.19140625 0.0265625 0.0625 0.053125
0 0.26328125 0.01875 0.065625 0.0375
0 0.32890625 0.0171875 0.0515625 0.034375
0 0.80234375 0.9609375 0.078125 0.078125
0 0.94921875 0.934375 0.075 0.13125
0 0.978125 0.48984375 0.040625 0.2
5 0.721875 0.60078125 0.03125 0.05