3 0.8265625 0.11328125 0.0578125 0.0828125
3 0.7203125 0.10546875 0.071875 0.0703125
3 0.421875 0.10078125 0.05 0.0625
3 0.34765625 0.10859375 0.040625 0.04375
3 0.059375 0.24765625 0.0234375 0.059375
3 0.18359375 0.0671875 0.034375 0.05625
3 0.1203125 0.48359375 0.065625 0.11875
3 0.22734375 0.48671875 0.0515625 0.1171875
3 0.68359375 0.60390625 0.096875 0.128125
2 0.37734375 0.60625 0.08125 0.0890625
4 0.6859375 0.32109375 0.109375 0.178125
4 0.83125 0.37265625 0.1265625 0.125
0 0.846875 0.284375 0.1015625 0.1
4 0.31953125 0.16875 0.065625 0.165625
4 0.41015625 0.30546875 0.1 0.14375
4 0.1796875 0.665625 0.1125 0.2875
4 0.0515625 0.96640625 0.103125 0.0671875
0 0.3765625 0.9046875 0.140625 0.190625
0 0.10234375 0.91953125 0.1421875 0.159375
0 0.0671875 0.734375 0.109375 0.2375
0 0.19375 0.79765625 0.1625 0.234375
0 0.234375 0.31328125 0.075 0.1046875
0 0.2984375 0.340625 0.065625 0.046875
0 0.32109375 0.25390625 0.078125 0.1234375
0 0.50078125 0.246875 0.1 0.1390625
0 0.4078125 0.20859375 0.06875 0.0734375
0 0.56015625 0.33984375 0.08125 0.09375
0 0.6171875 0.278125 0.078125 0.1515625
0 0.73984375 0.259375 0.0625 0.13125
0 0.10078125 0.215625 0.0546875 0.078125
0 0.6765625 0.00859375 0.05625 0.0171875
0 0.60625 0.00859375 0.065625 0.0171875
0 0.75 0.01171875 0.05625 0.021875
0 0.8171875 0.01796875 0.05 0.0328125
4 0.8109375 0.003125 0.053125 0.00625
1 0.68359375 0.70390625 0.13125 0.084375
1 0.22734375 0.5625 0.0671875 0.0390625
1 0.121875 0.55078125 0.0578125 0.0625
1 0.4171875 0.1515625 0.0578125 0.034375
1 0.3578125 0.15 0.021875 0.0328125
1 0.8328125 0.19765625 0.071875 0.03125
1 0.6953125 0.15625 0.01875 0.034375
5 0.1734375 0.56171875 0.0234375 0.0546875
0 0.01796875 0.48984375 0.0359375 0.16875