3 0.7 0.9578125 0.178125 0.084375
3 0.40859375 0.86875 0.128125 0.0640625
3 0.33046875 0.65078125 0.1140625 0.065625
3 0.20859375 0.48984375 0.0640625 0.04375
3 0.17265625 0.36171875 0.065625 0.034375
3 0.18359375 0.4046875 0.0671875 0.034375
3 0.42421875 0.4203125 0.134375 0.071875
3 0.55078125 0.65 0.203125 0.05625
3 0.35078125 0.22578125 0.090625 0.0328125
3 0.33671875 0.24609375 0.1015625 0.05
3 0.29609375 0.14140625 0.0671875 0.0265625
3 0.28515625 0.1171875 0.071875 0.0171875
3 0.52578125 0.99375 0.084375 0.0125
4 0.8109375 0.8453125 0.371875 0.178125
4 0.58671875 0.3765625 0.51875 0.15
4 0.2703125 0.3125 0.2 0.090625
4 0.18828125 0.309375 0.109375 0.0375
4 0.2328125 0.228125 0.234375 0.0671875
4 0.778125 0.04140625 0.403125 0.0828125
4 0.38828125 0.5921875 0.20625 0.075
4 0.49375 0.81171875 0.21875 0.096875
4 0.26640625 0.45234375 0.146875 0.084375
0 0.56328125 0.7875 0.190625 0.109375
0 0.46015625 0.575 0.140625 0.0921875
0 0.36015625 0.4453125 0.153125 0.09375
0 0.42578125 0.05234375 0.18125 0.09375
0 0.83828125 0.09140625 0.3234375 0.053125
0 0.9515625 0.40859375 0.096875 0.175
0 0.82734375 0.565625 0.3453125 0.2140625
0 0.684375 0.334375 0.4453125 0.153125
4 0.51796875 0.1640625 0.3828125 0.109375