3 0.6234375 0.2859375 0.125 0.103125
3 0.503125 0.759375 0.121875 0.06875
3 0.49140625 0.8671875 0.1296875 0.075
3 0.10703125 0.253125 0.0734375 0.0734375
3 0.115625 0.1375 0.0875 0.05625
3 0.10234375 0.56484375 0.0640625 0.0375
3 0.10859375 0.63671875 0.053125 0.04375
3 0.0671875 0.80390625 0.053125 0.034375
3 0.25234375 0.93203125 0.05 0.0265625
1 0.72265625 0.2859375 0.084375 0.13125
1 0.59140625 0.7546875 0.0671875 0.065625
1 0.56640625 0.8640625 0.0609375 0.071875
1 0.15234375 0.5671875 0.040625 0.059375
1 0.1546875 0.6390625 0.034375 0.059375
1 0.16640625 0.2546875 0.03125 0.0765625
1 0.20078125 0.12890625 0.028125 0.06875
0 0.0109375 0.23125 0.021875 0.065625
0 0.265625 0.20234375 0.153125 0.071875
0 0.35078125 0.2546875 0.1640625 0.125
0 0.30390625 0.35390625 0.2046875 0.0875
0 0.2578125 0.48984375 0.146875 0.0953125
0 0.26484375 0.6265625 0.109375 0.078125
0 0.28984375 0.703125 0.115625 0.084375
0 0.321875 0.753125 0.096875 0.059375
0 0.33203125 0.66875 0.075 0.078125
0 0.83125 0.8 0.20625 0.16875
0 0.69609375 0.90078125 0.1984375 0.10625
0 0.90390625 0.89296875 0.1921875 0.1265625
0 0.8703125 0.98046875 0.259375 0.0390625
0 0.95546875 0.77578125 0.0890625 0.1140625
0 0.50546875 0.9796875 0.221875 0.040625
0 0.9078125 0.19140625 0.184375 0.1859375
0 0.35234375 0.12578125 0.225 0.1
0 0.00625 0.30390625 0.0125 0.0578125
2 0.625 0.60546875 0.0984375 0.0859375
4 0.684375 0.79375 0.278125 0.1234375
4 0.3171875 0.57578125 0.1296875 0.090625
4 0.3390625 0.42109375 0.14375 0.10625
0 0.23359375 0.90546875 0.0640625 0.028125
0 0.40859375 0.10078125 0.1046875 0.096875
1 0.29375 0.94296875 0.0265625 0.0203125