4 0.92109375 0.32421875 0.1578125 0.0984375
4 0.84453125 0.13125 0.240625 0.078125
4 0.73359375 0.18203125 0.334375 0.1
4 0.53359375 0.2234375 0.40625 0.240625
4 0.3890625 0.3875 0.384375 0.171875
4 0.8328125 0.84921875 0.334375 0.09375
3 0.90625 0.5515625 0.165625 0.08125
3 0.9765625 0.4203125 0.046875 0.05625
3 0.784375 0.01015625 0.10625 0.0203125
3 0.66640625 0.0234375 0.140625 0.046875
3 0.51484375 0.075 0.171875 0.065625
3 0.71953125 0.2296875 0.2046875 0.059375
3 0.85625 0.196875 0.078125 0.028125
3 0.79765625 0.325 0.3 0.1265625
3 0.6171875 0.5484375 0.453125 0.165625
3 0.365625 0.490625 0.234375 0.08125
3 0.50390625 0.35078125 0.278125 0.059375
3 0.95703125 0.87109375 0.0859375 0.0921875
0 0.9171875 0.94765625 0.165625 0.0578125
1 0.57109375 0.075 0.15 0.078125
1 0.72109375 0.0484375 0.103125 0.0359375
1 0.83671875 0.5265625 0.1140625 0.103125
1 0.93828125 0.37890625 0.0625 0.046875
5 0.6953125 0.06953125 0.046875 0.040625