4 0.20859375 0.515625 0.25 0.1
4 0.22421875 0.67890625 0.18125 0.1078125
4 0.35390625 0.7890625 0.21875 0.1125
4 0.5921875 0.39296875 0.15625 0.0875
4 0.59921875 0.27265625 0.165625 0.140625
4 0.628125 0.14921875 0.18125 0.103125
4 0.8421875 0.39921875 0.084375 0.04375
4 0.921875 0.228125 0.15625 0.040625
4 0.95703125 0.1125 0.0859375 0.0359375
3 0.684375 0.38984375 0.0890625 0.0859375
3 0.696875 0.1453125 0.075 0.0625
3 0.70234375 0.26328125 0.0875 0.0640625
3 0.6640625 0.5875 0.0765625 0.05
3 0.69296875 0.50546875 0.0859375 0.065625
3 0.80703125 0.796875 0.053125 0.0390625
3 0.61875 0.9171875 0.06875 0.0328125
0 0.6625 0.8734375 0.059375 0.0265625
0 0.40625 0.3890625 0.2359375 0.09375
0 0.40234375 0.26640625 0.246875 0.11875
0 0.43046875 0.1453125 0.24375 0.11875
0 0.20078125 0.0953125 0.259375 0.1296875
0 0.21875 0.21015625 0.2796875 0.165625
0 0.23359375 0.50234375 0.275 0.13125
0 0.2546875 0.6421875 0.2359375 0.0875
0 0.31171875 0.734375 0.2046875 0.0796875
0 0.8234375 0.46953125 0.0703125 0.075
0 0.83359375 0.2859375 0.046875 0.065625
0 0.83046875 0.171875 0.034375 0.0484375
1 0.6203125 0.5078125 0.0375 0.075
1 0.615625 0.39921875 0.05 0.0828125
1 0.63046875 0.278125 0.053125 0.078125
1 0.6296875 0.165625 0.0375 0.034375
1 0.07890625 0.50546875 0.0375 0.125
1 0.14609375 0.68984375 0.05625 0.084375
5 0.634375 0.34296875 0.0375 0.028125