3 0.47578125 0.14609375 0.0703125 0.165625
3 0.60078125 0.0484375 0.0546875 0.096875
3 0.99609375 0.2734375 0.0078125 0.134375
3 0.98203125 0.37421875 0.0359375 0.1546875
3 0.93828125 0.5015625 0.065625 0.1890625
4 0.628125 0.69375 0.16875 0.26875
4 0.759375 0.47578125 0.24375 0.321875
4 0.85 0.28125 0.0984375 0.275
4 0.91171875 0.190625 0.075 0.2
4 0.8296875 0.1515625 0.125 0.303125
4 0.75546875 0.07890625 0.103125 0.1578125
4 0.14765625 0.23359375 0.121875 0.403125
4 0.0625 0.29375 0.078125 0.303125
4 0.196875 0.1015625 0.04375 0.16875
0 0.20703125 0.21875 0.040625 0.1578125
0 0.58984375 0.61328125 0.134375 0.190625
0 0.65 0.45859375 0.0640625 0.171875
0 0.53515625 0.38125 0.16875 0.415625
0 0.7515625 0.2265625 0.0859375 0.25625
0 0.81875 0.38671875 0.0984375 0.246875
0 0.00703125 0.43828125 0.0140625 0.1890625
3 0.02109375 0.5734375 0.03125 0.0875
3 0.00390625 0.225 0.0078125 0.115625
1 0.49921875 0.2125 0.071875 0.084375
1 0.93203125 0.45 0.059375 0.1375
1 0.96640625 0.31875 0.05 0.0828125
1 0.62109375 0.11015625 0.065625 0.0578125
1 0.1859375 0.0984375 0.0375 0.0546875