0 0.84765625 0.80859375 0.134375 0.3484375
0 0.72578125 0.8203125 0.11875 0.259375
0 0.51171875 0.79375 0.153125 0.2890625
0 0.36328125 0.7859375 0.1515625 0.2328125
0 0.39453125 0.54765625 0.103125 0.303125
0 0.49609375 0.5265625 0.103125 0.321875
0 0.72109375 0.55 0.103125 0.28125
0 0.8671875 0.53359375 0.115625 0.190625
0 0.63203125 0.18359375 0.059375 0.0375
0 0.54140625 0.18359375 0.0640625 0.06875
0 0.7484375 0.0703125 0.0671875 0.140625
0 0.1265625 0.32421875 0.0375 0.059375
3 0.0640625 0.3859375 0.03125 0.065625
3 0.4875 0.31875 0.06875 0.090625
3 0.39921875 0.33125 0.071875 0.09375
3 0.61015625 0.32578125 0.090625 0.109375
3 0.74453125 0.3015625 0.071875 0.1078125
3 0.8671875 0.3015625 0.06875 0.078125
3 0.184375 0.19140625 0.034375 0.053125
3 0.21796875 0.17890625 0.03125 0.0578125
1 0.88125 0.01953125 0.021875 0.0390625
1 0.8671875 0.3875 0.090625 0.0484375
1 0.7328125 0.3859375 0.0859375 0.0515625
1 0.61328125 0.39765625 0.09375 0.0515625
1 0.46484375 0.384375 0.03125 0.0375
1 0.39453125 0.40546875 0.06875 0.040625
1 0.29453125 0.8984375 0.103125 0.0625
1 0.48671875 0.9625 0.125 0.040625
1 0.84609375 0.98046875 0.10625 0.0375
0 0.60078125 0.4796875 0.096875 0.065625
4 0.61015625 0.69765625 0.1265625 0.4875
4 0.72421875 0.1609375 0.0546875 0.0828125
5 0.66171875 0.98125 0.0421875 0.0375