0 0.64765625 0.7265625 0.1984375 0.453125
0 0.34453125 0.89765625 0.253125 0.203125
0 0.55234375 0.246875 0.078125 0.0875
0 0.9390625 0.36015625 0.05 0.1625
0 0.8578125 0.5 0.11875 0.3125
0 0.615625 0.2 0.0390625 0.08125
0 0.15859375 0.3734375 0.05 0.0765625
0 0.203125 0.3640625 0.0390625 0.0796875
3 0.1984375 0.5625 0.14375 0.2390625
3 0.39609375 0.440625 0.1125 0.178125
3 0.59375 0.365625 0.0671875 0.171875
3 0.75078125 0.2734375 0.0484375 0.1078125
3 0.73125 0.26328125 0.05 0.140625
3 0.7734375 0.22734375 0.0203125 0.0734375
3 0.81328125 0.24921875 0.025 0.10625
3 0.84296875 0.21484375 0.021875 0.0484375
3 0.496875 0.1515625 0.0421875 0.078125
3 0.4375 0.1828125 0.04375 0.0625
3 0.41484375 0.175 0.0375 0.0703125
3 0.17265625 0.253125 0.065625 0.0875
3 0.203125 0.1390625 0.03125 0.053125
3 0.07265625 0.3078125 0.05625 0.10625
3 0.3171875 0.109375 0.03125 0.0390625
4 0.275 0.1953125 0.08125 0.325
4 0.2640625 0.35234375 0.084375 0.190625
4 0.10703125 0.46015625 0.071875 0.25
4 0.0203125 0.44140625 0.040625 0.2375
4 0.08828125 0.82421875 0.1734375 0.3515625
4 0.31171875 0.7 0.2375 0.3515625
4 0.8875 0.28203125 0.0515625 0.1234375
4 0.8375 0.3328125 0.08125 0.259375
4 0.68671875 0.21484375 0.040625 0.1625
4 0.72734375 0.190625 0.0296875 0.090625
4 0.6484375 0.2359375 0.0359375 0.15
4 0.6078125 0.1359375 0.0375 0.103125
4 0.55625 0.1671875 0.05 0.1453125
4 0.3859375 0.29375 0.09375 0.1578125
4 0.33359375 0.12109375 0.0328125 0.128125
1 0.45 0.57734375 0.13125 0.134375
1 0.625 0.46875 0.1 0.09375
1 0.7921875 0.3578125 0.01875 0.0375
1 0.68515625 0.2890625 0.0390625 0.046875
1 0.51640625 0.19296875 0.0359375 0.0375
1 0.43984375 0.215625 0.0375 0.028125
1 0.22734375 0.7390625 0.109375 0.15625
0 0.17578125 0.94453125 0.1875 0.1109375
1 0.1875 0.309375 0.0671875 0.0390625