4 0.21796875 0.51953125 0.0953125 0.13046875
4 0.315625 0.48515625 0.08046875 0.140625
4 0.4359375 0.465625 0.07734375 0.13359375
4 0.5484375 0.446875 0.06796875 0.18203125
4 0.4609375 0.18203125 0.0390625 0.0859375
4 0.4328125 0.25625 0.03359375 0.0375
4 0.3515625 0.28125 0.0328125 0.040625
4 0.1921875 0.31484375 0.03515625 0.06796875
4 0.2265625 0.115625 0.02421875 0.0484375
4 0.2640625 0.228125 0.01328125 0.04453125
4 0.9015625 0.715625 0.0546875 0.1765625
4 0.9515625 0.6546875 0.04140625 0.1625
4 0.36953125 0.78671875 0.121875 0.209375
3 0.625 0.30546875 0.034375 0.05546875
3 0.4921875 0.34296875 0.04453125 0.078125
3 0.57109375 0.32109375 0.0515625 0.05546875
3 0.4078125 0.371875 0.0453125 0.09140625
3 0.29375 0.40546875 0.06328125 0.08046875
3 0.19921875 0.446875 0.0546875 0.06953125
3 0.6109375 0.8609375 0.08359375 0.1390625
3 0.71875 0.74453125 0.06171875 0.13359375
3 0.8 0.6796875 0.04921875 0.10390625
3 0.85234375 0.62421875 0.028125 0.11796875
3 0.9 0.56171875 0.021875 0.07109375
3 0.4328125 0.153125 0.0328125 0.0484375
3 0.2640625 0.0984375 0.01484375 0.05
3 0.203125 0.11484375 0.03046875 0.0375
3 0.446875 0.9578125 0.09140625 0.084375
3 0.671875 0.9578125 0.08125 0.084375
0 0.46953125 0.640625 0.1171875 0.28203125
0 0.7375 0.559375 0.08359375 0.1484375
3 0.80625 0.5328125 0.03984375 0.0484375
0 0.65 0.50390625 0.07734375 0.23359375
0 0.7125 0.47890625 0.05546875 0.1859375
0 0.68515625 0.39609375 0.071875 0.09453125
0 0.56484375 0.5390625 0.0859375 0.25859375
0 0.46796875 0.6609375 0.109375 0.30859375
0 0.3171875 0.58203125 0.1015625 0.221875
0 0.22734375 0.67421875 0.1078125 0.2765625
0 0.8046875 0.94921875 0.15703125 0.1015625
0 0.85234375 0.85 0.1078125 0.11640625
0 0.921875 0.78984375 0.04296875 0.165625
0 0.96328125 0.71015625 0.0375 0.165625
0 0.3875 0.21953125 0.0421875 0.103125
0 0.2234375 0.25390625 0.05703125 0.06640625
0 0.47109375 0.221875 0.0390625 0.075
0 0.1546875 0.2375 0.03828125 0.15
1 0.62734375 0.9546875 0.1046875 0.090625
1 0.8125 0.76484375 0.06171875 0.090625
1 0.86015625 0.70234375 0.0390625 0.090625
1 0.5859375 0.36953125 0.0515625 0.0390625
1 0.63046875 0.3453125 0.04375 0.0265625
1 0.41875 0.43125 0.0546875 0.0375
1 0.20546875 0.5125 0.08125 0.046875
1 0.29609375 0.47265625 0.0640625 0.0484375