3 0.88828125 0.18359375 0.08125 0.05625
3 0.89609375 0.28828125 0.06875 0.071875
3 0.90078125 0.58125 0.0609375 0.05
3 0.89296875 0.6546875 0.0421875 0.040625
3 0.75546875 0.93828125 0.059375 0.0234375
3 0.93359375 0.815625 0.05625 0.034375
3 0.5234375 0.878125 0.1171875 0.0640625
3 0.51953125 0.77265625 0.115625 0.05
3 0.4046875 0.3234375 0.125 0.0953125
2 0.40234375 0.62578125 0.0875 0.08125
4 0.68359375 0.321875 0.175 0.109375
4 0.6328125 0.17890625 0.125 0.125
0 0.71953125 0.16328125 0.096875 0.1
4 0.83359375 0.68203125 0.1640625 0.0640625
4 0.69921875 0.59296875 0.140625 0.096875
4 0.34375 0.8203125 0.284375 0.109375
4 0.040625 0.94765625 0.08125 0.1046875
0 0.1015625 0.62578125 0.203125 0.1390625
0 0.08671875 0.8953125 0.1734375 0.140625
0 0.27578125 0.93125 0.2328125 0.1078125
0 0.2140625 0.80625 0.23125 0.1609375
0 0.69140625 0.765625 0.103125 0.075
0 0.66484375 0.703125 0.046875 0.0640625
0 0.75 0.68125 0.121875 0.0765625
0 0.75625 0.50390625 0.1375 0.0984375
0 0.79453125 0.5953125 0.071875 0.06875
0 0.665625 0.4453125 0.09375 0.08125
0 0.72578125 0.38984375 0.15 0.0765625
0 0.74453125 0.26875 0.1296875 0.0625
0 0.7875 0.89765625 0.078125 0.053125
0 0.99140625 0.33125 0.0171875 0.05625
0 0.99140625 0.40078125 0.0171875 0.0640625
0 0.9890625 0.2578125 0.021875 0.05625
0 0.98203125 0.1921875 0.0328125 0.0484375
4 0.996875 0.1984375 0.00625 0.0515625
1 0.30546875 0.32421875 0.084375 0.1296875
1 0.4453125 0.7734375 0.0375 0.065625
1 0.45703125 0.87734375 0.0609375 0.05625
1 0.85 0.58671875 0.034375 0.0578125
1 0.85234375 0.64453125 0.0328125 0.0203125
1 0.80546875 0.17734375 0.03125 0.0703125
1 0.84609375 0.3125 0.034375 0.01875
5 0.44609375 0.82578125 0.053125 0.021875
0 0.5171875 0.98046875 0.165625 0.0390625