4 0.86640625 0.57421875 0.2671875 0.1109375
4 0.85390625 0.75390625 0.2 0.11875
4 0.7109375 0.87578125 0.240625 0.1234375
4 0.44765625 0.4390625 0.171875 0.0953125
4 0.43984375 0.30625 0.18125 0.1546875
4 0.40859375 0.1703125 0.2 0.1125
4 0.171875 0.44609375 0.0921875 0.05
4 0.0859375 0.2578125 0.171875 0.0453125
4 0.046875 0.1296875 0.09375 0.0390625
3 0.346875 0.43515625 0.0984375 0.09375
3 0.3328125 0.16640625 0.0828125 0.0703125
3 0.32734375 0.29609375 0.096875 0.071875
3 0.36953125 0.653125 0.084375 0.053125
3 0.3375 0.5625 0.0953125 0.071875
3 0.2109375 0.884375 0.0578125 0.04375
0 0.37109375 0.96875 0.065625 0.028125
0 0.653125 0.434375 0.259375 0.103125
0 0.65703125 0.29921875 0.271875 0.13125
0 0.6265625 0.16640625 0.26875 0.13125
0 0.86796875 0.11171875 0.2640625 0.1421875
0 0.85234375 0.23671875 0.2953125 0.1828125
0 0.84375 0.559375 0.303125 0.1453125
0 0.8203125 0.7140625 0.259375 0.0953125
0 0.7578125 0.81484375 0.225 0.0875
0 0.19296875 0.5234375 0.078125 0.0828125
0 0.18203125 0.32109375 0.053125 0.0734375
0 0.18515625 0.1953125 0.0375 0.053125
1 0.4171875 0.565625 0.040625 0.08125
1 0.421875 0.44609375 0.05625 0.090625
1 0.40546875 0.3125 0.0578125 0.0875
1 0.40625 0.1890625 0.040625 0.0375
1 0.93984375 0.765625 0.0609375 0.09375
5 0.4015625 0.38359375 0.040625 0.0296875