4 0.37421875 0.81171875 0.2796875 0.08125
4 0.72890625 0.3171875 0.415625 0.184375
4 0.8703125 0.0734375 0.259375 0.146875
4 0.46875 0.06171875 0.19375 0.0921875
4 0.375 0.22109375 0.178125 0.084375
4 0.3078125 0.35859375 0.128125 0.0859375
4 0.1890625 0.56875 0.121875 0.05625
4 0.25703125 0.61328125 0.14375 0.0546875
4 0.1921875 0.7140625 0.040625 0.0375
4 0.16953125 0.49609375 0.1140625 0.059375
4 0.1234375 0.56171875 0.06875 0.034375
4 0.128125 0.24375 0.071875 0.0453125
4 0.1328125 0.2984375 0.0875 0.03125
4 0.2125 0.1875 0.103125 0.0484375
4 0.13203125 0.18671875 0.05625 0.034375
4 0.334375 0.09140625 0.1375 0.0546875
4 0.29375 0.14609375 0.1375 0.0640625
0 0.45703125 0.9 0.2875 0.08125
0 0.753125 0.62578125 0.45 0.196875
0 0.909375 0.3171875 0.18125 0.2125
0 0.390625 0.15234375 0.059375 0.0578125
0 0.209375 0.23203125 0.128125 0.0296875
0 0.24609375 0.2671875 0.1875 0.040625
0 0.2640625 0.52265625 0.1015625 0.059375
0 0.2765625 0.56953125 0.053125 0.025
3 0.58359375 0.16171875 0.228125 0.1546875
3 0.45546875 0.3625 0.1390625 0.1109375
3 0.3671875 0.45625 0.1453125 0.0796875
3 0.36875 0.56484375 0.1421875 0.0734375
3 0.2921875 0.73046875 0.11875 0.0515625
3 0.25546875 0.7890625 0.109375 0.0296875
3 0.22578125 0.84140625 0.078125 0.040625
3 0.26875 0.7078125 0.1390625 0.0546875
3 0.15625 0.46640625 0.0625 0.0421875
3 0.19375 0.40078125 0.059375 0.0484375
3 0.18515625 0.38125 0.065625 0.040625
3 0.31171875 0.028125 0.1015625 0.05625
3 0.15234375 0.16171875 0.065625 0.025
3 0.13203125 0.215625 0.05 0.028125
3 0.1171875 0.2796875 0.06875 0.0390625
3 0.5859375 0.0375 0.171875 0.075
3 0.453125 0.16171875 0.08125 0.125
3 0.39296875 0.315625 0.08125 0.103125
0 0.23984375 0.45234375 0.1125 0.0546875
5 0.72109375 0.2546875 0.10625 0.053125
1 0.7578125 0.1890625 0.1265625 0.1015625
1 0.590625 0.40703125 0.078125 0.1125
1 0.48671875 0.5984375 0.053125 0.09375
1 0.3625 0.76640625 0.04375 0.0375
1 0.30546875 0.6609375 0.046875 0.0453125