0 0.19765625 0.63984375 0.3953125 0.1828125
0 0.3625 0.40625 0.365625 0.15
0 0.478125 0.2203125 0.2625 0.078125
0 0.53984375 0.1453125 0.234375 0.05
0 0.6078125 0.1 0.146875 0.034375
0 0.59453125 0.0390625 0.109375 0.0359375
0 0.46796875 0.0609375 0.1640625 0.025
0 0.203125 0.196875 0.34375 0.084375
0 0.0828125 0.46640625 0.165625 0.1203125
0 0.11875 0.8453125 0.20625 0.1625
0 0.484375 0.803125 0.15625 0.125
0 0.58125 0.6046875 0.09375 0.1015625
0 0.69609375 0.4859375 0.121875 0.078125
0 0.7765625 0.3484375 0.04375 0.0296875
0 0.7609375 0.29765625 0.065625 0.021875
4 0.72109375 0.36953125 0.165625 0.0671875
4 0.81328125 0.36875 0.0875 0.053125
4 0.7546875 0.26875 0.11875 0.03125
4 0.57734375 0.23984375 0.2765625 0.0984375
4 0.2765625 0.0875 0.31875 0.159375
4 0.45703125 0.02890625 0.2359375 0.0578125
4 0.59609375 0.015625 0.13125 0.03125
4 0.47421875 0.440625 0.390625 0.15
4 0.24609375 0.8875 0.26875 0.1375
4 0.52734375 0.84140625 0.2515625 0.0859375
4 0.4421875 0.984375 0.0765625 0.03125
4 0.65546875 0.6375 0.1640625 0.1
4 0.7765625 0.48359375 0.109375 0.0703125
3 0.6203125 0.8765625 0.115625 0.0609375
3 0.51171875 0.990625 0.0734375 0.0171875
3 0.35234375 0.9640625 0.159375 0.06875
3 0.6046875 0.46875 0.13125 0.06875
3 0.496875 0.678125 0.18125 0.0546875
3 0.68828125 0.678125 0.1234375 0.0625
3 0.80234375 0.53125 0.0625 0.046875
3 0.8296875 0.4171875 0.05625 0.0328125
3 0.6578125 0.29296875 0.090625 0.0484375
3 0.73125 0.1953125 0.0765625 0.0375
3 0.740625 0.21953125 0.046875 0.03125
3 0.6890625 0.31171875 0.0859375 0.0375
3 0.30234375 0.01171875 0.1203125 0.0234375
1 0.2078125 0.034375 0.1625 0.04375
1 0.51875 0.48125 0.05625 0.05625
1 0.4109375 0.64453125 0.0609375 0.1
1 0.25 0.94375 0.0890625 0.04375
5 0.18046875 0.96875 0.059375 0.0234375
5 0.6015625 0.703125 0.028125 0.021875
1 0.61640625 0.665625 0.0359375 0.040625
1 0.753125 0.5171875 0.0265625 0.046875
1 0.796875 0.4125 0.01875 0.053125
1 0.6046875 0.2640625 0.04375 0.0328125
1 0.66171875 0.16875 0.053125 0.028125
1 0.653125 0.34375 0.040625 0.0328125