0 0.76484375 0.44921875 0.2859375 0.109375
0 0.8171875 0.29609375 0.0765625 0.0828125
0 0.81640625 0.61015625 0.25 0.1015625
0 0.83671875 0.68671875 0.240625 0.071875
0 0.84765625 0.98828125 0.1234375 0.0234375
0 0.9 0.79140625 0.0625 0.0828125
0 0.18359375 0.9375 0.303125 0.125
3 0.9515625 0.9046875 0.075 0.0515625
3 0.94609375 0.53203125 0.0828125 0.0515625
3 0.90234375 0.371875 0.078125 0.0546875
3 0.85625 0.24765625 0.059375 0.0546875
4 0.859375 0.43671875 0.28125 0.10625
4 0.88671875 0.29296875 0.1375 0.0828125