3 0.7234375 0.60078125 0.103125 0.125
3 0.24921875 0.48046875 0.06875 0.121875
3 0.14140625 0.46953125 0.075 0.1296875
3 0.75625 0.084375 0.0734375 0.0734375
3 0.871875 0.09296875 0.05625 0.0875
3 0.44453125 0.0796875 0.0375 0.0640625
3 0.37265625 0.08671875 0.04375 0.053125
3 0.20546875 0.04453125 0.034375 0.053125
3 0.07734375 0.2296875 0.0265625 0.05
1 0.7234375 0.7 0.13125 0.084375
1 0.25390625 0.56953125 0.065625 0.0671875
1 0.1453125 0.54375 0.071875 0.0609375
1 0.4421875 0.1296875 0.059375 0.040625
1 0.3703125 0.13203125 0.059375 0.034375
1 0.7546875 0.14375 0.0765625 0.03125
1 0.88046875 0.178125 0.06875 0.028125
0 0.80625 0.24296875 0.071875 0.153125
0 0.75390625 0.328125 0.125 0.1640625
0 0.65546875 0.28125 0.0875 0.2046875
0 0.51953125 0.23515625 0.0953125 0.146875
0 0.3828125 0.2421875 0.078125 0.109375
0 0.30546875 0.2671875 0.084375 0.115625
0 0.25625 0.29921875 0.059375 0.096875
0 0.340625 0.309375 0.078125 0.075
0 0.209375 0.80859375 0.16875 0.20625
0 0.10859375 0.67421875 0.10625 0.1984375
0 0.11640625 0.89296875 0.1265625 0.2125
0 0.02421875 0.85859375 0.0484375 0.28125
0 0.23203125 0.94453125 0.1140625 0.109375
0 0.025 0.4828125 0.05 0.221875
0 0.8171875 0.896875 0.1859375 0.20625
0 0.88359375 0.3296875 0.1 0.225
2 0.40390625 0.603125 0.0859375 0.0984375
4 0.21484375 0.66171875 0.1234375 0.278125
4 0.43359375 0.29453125 0.090625 0.1296875
4 0.58828125 0.31640625 0.10625 0.14375
0 0.10390625 0.2109375 0.028125 0.0640625
0 0.9078125 0.38671875 0.096875 0.1046875
1 0.06640625 0.271875 0.0203125 0.0265625