3 0.475 0.13671875 0.0734375 0.134375
3 0.596875 0.04921875 0.0546875 0.096875
3 0.9828125 0.2734375 0.021875 0.103125
3 0.96640625 0.36484375 0.025 0.090625
3 0.93203125 0.4765625 0.053125 0.178125
5 0.85859375 0.38125 0.0359375 0.0296875
1 0.94921875 0.3015625 0.0375 0.090625
1 0.9125 0.43515625 0.065625 0.1234375
1 0.49375 0.209375 0.075 0.084375
1 0.628125 0.1140625 0.05625 0.065625
4 0.66015625 0.10546875 0.1296875 0.2109375
4 0.89140625 0.23203125 0.109375 0.225
4 0.8203125 0.321875 0.121875 0.2625
4 0.78515625 0.50625 0.2203125 0.3109375
4 0.62421875 0.66015625 0.16875 0.31875
0 0.47890625 0.4109375 0.140625 0.4125
0 0.678125 0.20078125 0.121875 0.215625
0 0.76328125 0.29140625 0.046875 0.103125
0 0.6671875 0.465625 0.084375 0.221875
0 0.53203125 0.659375 0.06875 0.1375
0 0.2078125 0.23671875 0.05625 0.1625
4 0.20625 0.10625 0.05625 0.1
3 0.16953125 0.07265625 0.06875 0.128125
0 0.02265625 0.45625 0.0453125 0.18125
3 0.0140625 0.225 0.028125 0.0953125