3 0.13203125 0.46953125 0.1375 0.06875
3 0.046875 0.5890625 0.09375 0.0515625
3 0.26796875 0.97421875 0.078125 0.0265625
3 0.37578125 0.95390625 0.1390625 0.0359375
3 0.50078125 0.9109375 0.109375 0.046875
1 0.43359375 0.9109375 0.115625 0.05625
1 0.3 0.94375 0.078125 0.03125
1 0.20546875 0.48671875 0.1 0.08125
1 0.09765625 0.6046875 0.059375 0.059375
5 0.11796875 0.63046875 0.03125 0.0265625
4 0.10546875 0.69453125 0.2109375 0.09375
4 0.284375 0.76953125 0.371875 0.121875
4 0.3234375 0.0515625 0.2921875 0.08125
4 0.10078125 0.190625 0.1765625 0.04375
0 0.20625 0.209375 0.2375 0.065625
0 0.321875 0.0984375 0.29375 0.065625
3 0.23359375 0.0046875 0.1375 0.009375
3 0.06484375 0.16015625 0.128125 0.065625
0 0.6484375 0.59375 0.3109375 0.159375
0 0.55859375 0.7046875 0.346875 0.121875
0 0.36015625 0.75703125 0.2078125 0.140625
0 0.34609375 0.5671875 0.3375 0.15
0 0.09609375 0.0953125 0.128125 0.0578125