4 0.73359375 0.159375 0.0921875 0.16796875
4 0.60234375 0.109375 0.0875 0.1515625
4 0.45859375 0.121875 0.06875 0.1625
3 0.509375 0.084375 0.04296875 0.0859375
3 0.6515625 0.1203125 0.04921875 0.06796875
0 0.3765625 0.18671875 0.0859375 0.2015625
0 0.4546875 0.21171875 0.08203125 0.22109375
0 0.58984375 0.25234375 0.078125 0.265625
0 0.7171875 0.190625 0.08203125 0.05859375
0 0.28046875 0.121875 0.0671875 0.0625
0 0.13515625 0.7578125 0.1046875 0.21796875
0 0.16328125 0.9578125 0.1078125 0.084375
0 0.06875 0.68125 0.046875 0.0625