4 0.225 0.521875 0.14609375 0.20703125
4 0.25625 0.1171875 0.10859375 0.1625
4 0.79375 0.11953125 0.06171875 0.1609375
4 0.98203125 0.31484375 0.0359375 0.1203125
3 0.4109375 0.05703125 0.0453125 0.1
3 0.525 0.1546875 0.06953125 0.1484375
3 0.8234375 0.08046875 0.06328125 0.13359375
3 0.9796875 0.234375 0.0390625 0.07890625
3 0.02890625 0.27265625 0.0359375 0.10703125
3 0.0546875 0.384375 0.04609375 0.159375
3 0.1 0.5125 0.05078125 0.125
0 0.403125 0.34921875 0.153125 0.440625
0 0.53828125 0.546875 0.103125 0.321875
0 0.35625 0.69140625 0.13828125 0.2859375
0 0.315625 0.49609375 0.06015625 0.19453125
0 0.2578125 0.3375 0.11796875 0.25
0 0.1515625 0.28203125 0.10390625 0.2609375
0 0.2515625 0.21640625 0.096875 0.16953125
0 0.790625 0.22421875 0.05859375 0.21796875
0 0.9578125 0.44375 0.07578125 0.23203125
1 0.390625 0.11953125 0.05546875 0.06640625
1 0.5078125 0.221875 0.06171875 0.07890625
1 0.09375 0.434375 0.06171875 0.1390625
1 0.06640625 0.32265625 0.040625 0.07890625