0 0.81328125 0.37265625 0.3734375 0.1984375
0 0.66171875 0.6265625 0.3984375 0.1625
0 0.53515625 0.828125 0.284375 0.084375
0 0.46875 0.909375 0.25625 0.05625
0 0.3953125 0.9578125 0.159375 0.0390625
0 0.546875 0.99375 0.178125 0.0125
0 0.8234375 0.85234375 0.353125 0.0921875
0 0.9375 0.56015625 0.125 0.1296875
0 0.90703125 0.15078125 0.1859375 0.175
0 0.52890625 0.19609375 0.16875 0.134375
0 0.4234375 0.4109375 0.1015625 0.109375
0 0.29921875 0.5390625 0.1328125 0.0859375
0 0.21171875 0.6890625 0.0484375 0.03125
0 0.228125 0.74375 0.071875 0.0234375
4 0.271875 0.66640625 0.18125 0.071875
4 0.17109375 0.6671875 0.0953125 0.0578125
4 0.23515625 0.775 0.128125 0.0328125
4 0.428125 0.80703125 0.3 0.1078125
4 0.75546875 0.94296875 0.346875 0.1140625
4 0.53984375 0.5890625 0.425 0.1625
4 0.78828125 0.10390625 0.29375 0.15
4 0.4828125 0.15390625 0.2734375 0.09375
4 0.575 0.0078125 0.0828125 0.015625
4 0.34296875 0.37578125 0.178125 0.109375
4 0.21171875 0.5421875 0.11875 0.0765625
3 0.38125 0.11640625 0.125 0.065625
3 0.67265625 0.02890625 0.1734375 0.0578125
3 0.39765625 0.55859375 0.14375 0.0734375
3 0.515625 0.33125 0.196875 0.059375
3 0.30703125 0.33125 0.134375 0.06875
3 0.18359375 0.49140625 0.06875 0.05
3 0.153125 0.6140625 0.0625 0.0359375
3 0.340625 0.74921875 0.0984375 0.053125
3 0.2609375 0.8546875 0.0828125 0.040625
3 0.25078125 0.82890625 0.0515625 0.034375
3 0.30703125 0.72890625 0.09375 0.040625
1 0.49140625 0.5453125 0.0625 0.059375
1 0.60859375 0.36796875 0.065625 0.109375
1 0.784375 0.04296875 0.096875 0.046875
5 0.859375 0.01640625 0.0625 0.025
5 0.4015625 0.30390625 0.03125 0.025
1 0.38515625 0.34453125 0.0390625 0.04375
1 0.23671875 0.50546875 0.028125 0.0515625
1 0.18984375 0.61953125 0.01875 0.059375
1 0.39765625 0.78046875 0.046875 0.0359375
1 0.3359375 0.884375 0.059375 0.03125
1 0.3453125 0.69375 0.04375 0.0359375