4 0.21875 0.26015625 0.053125 0.1
4 0.6328125 0.12265625 0.021875 0.1125
4 0.66015625 0.1421875 0.0375 0.2109375
4 0.61328125 0.14453125 0.040625 0.203125
4 0.5796875 0.1375 0.028125 0.1953125
0 0.03671875 0.7609375 0.0734375 0.259375
0 0.03125 0.41484375 0.0625 0.096875
4 0.2609375 0.153125 0.053125 0.0625
0 0.52421875 0.16171875 0.0171875 0.125
0 0.81796875 0.21171875 0.053125 0.115625
0 0.93125 0.31171875 0.05 0.1921875
0 0.1046875 0.4453125 0.053125 0.075
2 0.1109375 0.3359375 0.040625 0.0625
2 0.05 0.3671875 0.03125 0.028125
5 0.1375 0.34921875 0.015625 0.0234375
1 0.08125 0.3546875 0.0265625 0.046875