4 0.221875 0.2875 0.0484375 0.08984375
4 0.59375 0.1640625 0.01953125 0.1015625
4 0.61875 0.18203125 0.0328125 0.18984375
4 0.5765625 0.18359375 0.0359375 0.18359375
4 0.54609375 0.17734375 0.02578125 0.17578125
0 0.04765625 0.73984375 0.08671875 0.23203125
0 0.05 0.42734375 0.0609375 0.08671875
4 0.259375 0.19140625 0.046875 0.05625
0 0.496875 0.19921875 0.015625 0.11328125
0 0.76015625 0.24453125 0.046875 0.1046875
0 0.8625 0.334375 0.04453125 0.1734375
0 0.11875 0.4546875 0.04765625 0.06796875
2 0.1265625 0.35703125 0.0359375 0.0609375
2 0.06875 0.384375 0.028125 0.02265625
2 0.0078125 0.5734375 0.01328125 0.0515625
5 0.146875 0.3671875 0.015625 0.01953125
1 0.09609375 0.3765625 0.0265625 0.05390625