4 0.78359375 0.2859375 0.05 0.090625
4 0.403125 0.16015625 0.0203125 0.103125
4 0.378125 0.178125 0.034375 0.19375
4 0.42109375 0.1796875 0.0375 0.1875
4 0.4515625 0.1734375 0.0265625 0.1796875
0 0.95859375 0.746875 0.0828125 0.2375
0 0.95859375 0.42890625 0.0625 0.0890625
4 0.74453125 0.1875 0.046875 0.0578125
0 0.50234375 0.19609375 0.015625 0.115625
0 0.2328125 0.2421875 0.046875 0.10625
0 0.128125 0.33359375 0.046875 0.1765625
0 0.88828125 0.45625 0.05 0.06875
5 0.85625 0.36796875 0.0125 0.01875
2 0.88125 0.359375 0.0390625 0.059375
2 0.9390625 0.384375 0.028125 0.025
2 0.9953125 0.57265625 0.009375 0.0640625
1 0.9125 0.37421875 0.025 0.046875