4 0.19609375 0.2609375 0.053125 0.096875
4 0.6 0.12734375 0.021875 0.1109375
4 0.6265625 0.14609375 0.0359375 0.20625
4 0.58125 0.1484375 0.0390625 0.2
4 0.5484375 0.14140625 0.028125 0.190625
0 0.02734375 0.75234375 0.0546875 0.253125
0 0.02109375 0.41171875 0.0421875 0.0953125
4 0.2375 0.15625 0.05 0.0625
0 0.49453125 0.165625 0.0171875 0.121875
0 0.78046875 0.2140625 0.05 0.1140625
0 0.8921875 0.31171875 0.0484375 0.1875
0 0.08515625 0.44296875 0.053125 0.0734375
2 0.09140625 0.33671875 0.0421875 0.06875
2 0.03125 0.365625 0.028125 0.028125
5 0.11796875 0.35 0.0125 0.0203125
1 0.059375 0.359375 0.0234375 0.0359375