4 0.24921875 0.81015625 0.1 0.0546875
4 0.1125 0.396875 0.1125 0.021875
4 0.13203125 0.36953125 0.2109375 0.0375
4 0.134375 0.41640625 0.203125 0.040625
4 0.12734375 0.45 0.1953125 0.028125
0 0.7515625 0.97734375 0.259375 0.0453125
0 0.4046875 0.98359375 0.096875 0.0328125
4 0.1421875 0.76796875 0.0625 0.053125
0 0.1515625 0.5046875 0.125 0.0171875
0 0.2015625 0.21171875 0.115625 0.053125
0 0.3015625 0.0984375 0.1921875 0.05
0 0.43515625 0.92421875 0.075 0.053125
2 0.3234375 0.9171875 0.0625 0.0359375
2 0.35546875 0.978125 0.03125 0.03125
5 0.33828125 0.8921875 0.0234375 0.0203125
1 0.34765625 0.94765625 0.046875 0.021875