4 0.27890625 0.215625 0.090625 0.05
4 0.15390625 0.59375 0.103125 0.0203125
4 0.171875 0.61875 0.19375 0.034375
4 0.1734375 0.5765625 0.1875 0.0375
4 0.1671875 0.5453125 0.178125 0.0265625
0 0.7390625 0.04140625 0.2375 0.0828125
0 0.42109375 0.04140625 0.0875 0.0625
4 0.18125 0.25390625 0.0578125 0.046875
0 0.18984375 0.4953125 0.115625 0.015625
0 0.23515625 0.76328125 0.10625 0.046875
0 0.3265625 0.8671875 0.175 0.0453125
0 0.44921875 0.11171875 0.06875 0.0484375
5 0.36015625 0.140625 0.021875 0.0125
2 0.35078125 0.1171875 0.059375 0.0375
2 0.3765625 0.0625 0.03125 0.028125
2 0.56328125 0.00234375 0.0546875 0.0046875
1 0.37109375 0.08984375 0.0359375 0.01875