4 0.70859375 0.22421875 0.0921875 0.05
4 0.83515625 0.60625 0.1046875 0.0203125
4 0.8171875 0.63203125 0.19375 0.034375
4 0.81484375 0.5890625 0.1875 0.0375
4 0.821875 0.5578125 0.18125 0.0265625
0 0.24453125 0.04609375 0.2375 0.0890625
0 0.56484375 0.0484375 0.0890625 0.0625
4 0.8078125 0.26328125 0.0578125 0.0484375
0 0.79921875 0.50703125 0.115625 0.015625
0 0.753125 0.77734375 0.10625 0.0484375
0 0.6609375 0.8828125 0.178125 0.046875
0 0.53671875 0.11875 0.06875 0.05
2 0.63828125 0.125 0.05625 0.0375
2 0.609375 0.06796875 0.025 0.028125
2 0.41640625 0.00625 0.0453125 0.0125
5 0.6265625 0.1484375 0.021875 0.0140625
1 0.62109375 0.096875 0.04375 0.025