4 0.23828125 0.1765625 0.096875 0.053125
4 0.10625 0.57578125 0.109375 0.021875
4 0.125 0.60234375 0.203125 0.0359375
4 0.1265625 0.5578125 0.196875 0.0375
4 0.11953125 0.525 0.1890625 0.028125
0 0.7234375 0.01875 0.25 0.0375
0 0.3875 0.0125 0.09375 0.025
4 0.134375 0.21796875 0.0609375 0.05
0 0.14375 0.471875 0.121875 0.015625
0 0.1921875 0.7546875 0.1125 0.05
0 0.28828125 0.86484375 0.1859375 0.0484375
0 0.4171875 0.06640625 0.071875 0.0515625
2 0.3125 0.071875 0.065625 0.0390625
2 0.34609375 0.01484375 0.025 0.028125
1 0.33203125 0.04296875 0.0375 0.0265625
5 0.325 0.096875 0.0296875 0.0140625