4 0.78984375 0.28125 0.05 0.0921875
4 0.4078125 0.1546875 0.0203125 0.1046875
4 0.38203125 0.17265625 0.034375 0.19375
4 0.425 0.17421875 0.0375 0.1875
4 0.45625 0.16796875 0.0265625 0.18125
0 0.96171875 0.74453125 0.0765625 0.2375
0 0.965625 0.42421875 0.0625 0.0890625
4 0.75078125 0.18203125 0.0484375 0.0578125
0 0.50703125 0.190625 0.015625 0.115625
0 0.23671875 0.23671875 0.0484375 0.10625
0 0.13125 0.32890625 0.046875 0.178125
0 0.89453125 0.45234375 0.05 0.06875
5 0.86328125 0.36328125 0.0125 0.01875
2 0.88828125 0.35546875 0.0390625 0.059375
2 0.94609375 0.38046875 0.028125 0.025
1 0.91953125 0.3703125 0.025 0.046875