4 0.2703125 0.803125 0.09375 0.0515625
4 0.14140625 0.4125 0.10625 0.021875
4 0.159375 0.38671875 0.2 0.034375
4 0.16171875 0.43046875 0.1921875 0.0375
4 0.1546875 0.4625 0.184375 0.028125
0 0.74375 0.9703125 0.24375 0.059375
0 0.41640625 0.97578125 0.090625 0.0484375
4 0.16953125 0.76328125 0.059375 0.05
0 0.178125 0.51484375 0.11875 0.015625
0 0.225 0.2375 0.109375 0.05
0 0.31953125 0.13046875 0.18125 0.046875
0 0.4453125 0.9109375 0.071875 0.05
2 0.34375 0.9046875 0.059375 0.034375
2 0.37109375 0.9625 0.028125 0.028125
5 0.353125 0.8796875 0.021875 0.0109375
1 0.359375 0.93515625 0.046875 0.021875