4 0.71953125 0.7796875 0.090625 0.05
4 0.8453125 0.4 0.103125 0.0203125
4 0.82734375 0.375 0.19375 0.034375
4 0.82578125 0.4171875 0.1875 0.0375
4 0.83203125 0.4484375 0.1796875 0.0265625
0 0.259375 0.95703125 0.2375 0.0859375
0 0.57734375 0.95546875 0.0890625 0.0625
4 0.81796875 0.74140625 0.0578125 0.046875
0 0.809375 0.49921875 0.115625 0.015625
0 0.7640625 0.2296875 0.10625 0.046875
0 0.671875 0.125 0.1765625 0.046875
0 0.54921875 0.88515625 0.06875 0.05
2 0.6484375 0.87734375 0.0625 0.0375
2 0.62109375 0.93671875 0.021875 0.028125
2 0.428125 0.99609375 0.053125 0.0078125
5 0.63828125 0.85625 0.0203125 0.015625
1 0.62890625 0.90859375 0.05625 0.028125