4 0.77890625 0.28125 0.05 0.090625
4 0.40078125 0.15546875 0.0203125 0.103125
4 0.37578125 0.1734375 0.034375 0.19375
4 0.41796875 0.17578125 0.0375 0.1875
4 0.4484375 0.16875 0.0265625 0.178125
0 0.9546875 0.74140625 0.0875 0.2375
0 0.953125 0.4234375 0.0625 0.0875
4 0.73984375 0.1828125 0.046875 0.0578125
0 0.49921875 0.19140625 0.015625 0.115625
0 0.23125 0.2375 0.046875 0.10625
0 0.12734375 0.32890625 0.0453125 0.175
0 0.8828125 0.45078125 0.0484375 0.06875
2 0.8765625 0.3484375 0.0328125 0.0578125
2 0.93203125 0.378125 0.028125 0.028125
2 0.99296875 0.5671875 0.0140625 0.05625
5 0.853125 0.3625 0.01875 0.021875
1 0.90390625 0.37109375 0.01875 0.04375