4 0.71875 0.21640625 0.090625 0.05
4 0.84296875 0.5921875 0.103125 0.0203125
4 0.825 0.6171875 0.1921875 0.0328125
4 0.8234375 0.575 0.184375 0.0359375
4 0.8296875 0.54453125 0.178125 0.0265625
0 0.26171875 0.0421875 0.234375 0.084375
0 0.57734375 0.04296875 0.0875 0.0625
4 0.815625 0.2546875 0.05625 0.046875
0 0.8078125 0.49375 0.1140625 0.015625
0 0.7625 0.76015625 0.10625 0.046875
0 0.67109375 0.8640625 0.175 0.0453125
0 0.55 0.1125 0.06875 0.0484375
5 0.63828125 0.14140625 0.021875 0.0125
2 0.64765625 0.11796875 0.059375 0.0375
2 0.621875 0.06328125 0.03125 0.028125
2 0.43515625 0.003125 0.0546875 0.00625
1 0.62734375 0.090625 0.0359375 0.01875