4 0.721875 0.19140625 0.09375 0.05
4 0.85078125 0.58203125 0.10625 0.021875
4 0.8328125 0.6078125 0.2 0.034375
4 0.83046875 0.5640625 0.1921875 0.0375
4 0.8375 0.53203125 0.184375 0.028125
0 0.2484375 0.02734375 0.24375 0.0546875
0 0.57578125 0.021875 0.090625 0.04375
4 0.82265625 0.23125 0.059375 0.05
0 0.8140625 0.4796875 0.11875 0.015625
0 0.7671875 0.75703125 0.109375 0.05
0 0.67265625 0.8640625 0.18125 0.046875
0 0.546875 0.08359375 0.071875 0.05
2 0.64765625 0.08984375 0.071875 0.040625
2 0.61875 0.03359375 0.0265625 0.028125
5 0.63828125 0.11484375 0.021875 0.0171875
1 0.62890625 0.05859375 0.034375 0.028125