4 0.24140625 0.29921875 0.053125 0.1
4 0.6546875 0.16171875 0.021875 0.1125
4 0.68203125 0.18125 0.0375 0.2109375
4 0.63515625 0.18359375 0.040625 0.203125
4 0.6015625 0.1765625 0.028125 0.1953125
0 0.04765625 0.80078125 0.0953125 0.2578125
0 0.05 0.45390625 0.06875 0.096875
4 0.28359375 0.1921875 0.053125 0.0625
0 0.546875 0.20078125 0.0171875 0.125
0 0.83984375 0.25078125 0.053125 0.115625
0 0.953125 0.35078125 0.05 0.1921875
0 0.12734375 0.484375 0.053125 0.075
2 0.13515625 0.3765625 0.040625 0.06875
2 0.07109375 0.40625 0.03125 0.025
2 0.00546875 0.61640625 0.009375 0.0578125
5 0.1578125 0.3875 0.0171875 0.021875
1 0.1015625 0.39765625 0.0296875 0.059375