4 0.715625 0.7625 0.096875 0.053125
4 0.8484375 0.3609375 0.109375 0.021875
4 0.8296875 0.334375 0.2046875 0.034375
4 0.82734375 0.3796875 0.196875 0.0390625
4 0.834375 0.4125 0.190625 0.028125
0 0.22734375 0.95 0.25 0.09375
0 0.56484375 0.94765625 0.09375 0.065625
4 0.81953125 0.721875 0.0609375 0.05
0 0.81015625 0.465625 0.121875 0.0171875
0 0.76171875 0.18125 0.1125 0.05
0 0.66484375 0.07109375 0.1875 0.0484375
0 0.53515625 0.8734375 0.071875 0.0515625
2 0.640625 0.8671875 0.06875 0.040625
2 0.61171875 0.92734375 0.028125 0.028125
2 0.41171875 0.99140625 0.0671875 0.0171875
5 0.62734375 0.840625 0.0203125 0.0125
1 0.61796875 0.8984375 0.0359375 0.0234375