4 0.79296875 0.26328125 0.05 0.09375
4 0.40625 0.13515625 0.0203125 0.10625
4 0.38046875 0.153125 0.034375 0.196875
4 0.42421875 0.15546875 0.0375 0.190625
4 0.45546875 0.1484375 0.028125 0.1828125
0 0.9640625 0.73203125 0.071875 0.240625
0 0.96953125 0.4078125 0.059375 0.090625
4 0.753125 0.16328125 0.0484375 0.059375
0 0.50703125 0.171875 0.015625 0.1171875
0 0.23359375 0.21796875 0.0484375 0.109375
0 0.12734375 0.31171875 0.046875 0.1796875
0 0.89921875 0.43671875 0.05 0.0703125
2 0.89296875 0.33515625 0.034375 0.0578125
2 0.95078125 0.3625 0.028125 0.028125
5 0.86796875 0.34453125 0.0109375 0.021875
1 0.9234375 0.35078125 0.021875 0.0453125