4 0.203125 0.2734375 0.053125 0.1
4 0.61484375 0.13671875 0.021875 0.1125
4 0.6421875 0.15625 0.0359375 0.209375
4 0.5953125 0.15859375 0.040625 0.203125
4 0.5625 0.15078125 0.028125 0.19375
0 0.0296875 0.7734375 0.059375 0.25625
0 0.0234375 0.42734375 0.046875 0.096875
4 0.2453125 0.16640625 0.0515625 0.0625
0 0.50703125 0.17578125 0.0171875 0.125
0 0.7984375 0.22578125 0.0515625 0.115625
0 0.91171875 0.325 0.05 0.190625
0 0.08984375 0.4578125 0.053125 0.075
2 0.0953125 0.34921875 0.040625 0.06875
2 0.034375 0.384375 0.034375 0.025
1 0.065625 0.36953125 0.028125 0.040625
5 0.12109375 0.3625 0.015625 0.03125