4 0.7015625 0.7828125 0.1 0.053125
4 0.8375 0.371875 0.1125 0.021875
4 0.81796875 0.34453125 0.209375 0.0359375
4 0.81640625 0.390625 0.203125 0.040625
4 0.8234375 0.42421875 0.19375 0.028125
0 0.2015625 0.96328125 0.25625 0.0734375
0 0.546875 0.96953125 0.096875 0.0609375
4 0.8078125 0.740625 0.0625 0.0515625
0 0.7984375 0.47890625 0.125 0.0171875
0 0.74921875 0.1875 0.115625 0.0515625
0 0.64921875 0.07421875 0.190625 0.05
0 0.51640625 0.89609375 0.075 0.053125
2 0.62265625 0.88984375 0.075 0.04375
2 0.59296875 0.94921875 0.028125 0.03125
5 0.61328125 0.86328125 0.021875 0.01875
1 0.603125 0.92265625 0.0375 0.0296875